1373 127101 160373 204673 322973 363548 
5043 97447 108580 134472 197269 319259 
8720 19852 200968 263865 319259 345096 
12420 16127 175139 208352 245347 282322 
16127 134472 234210 241628 245347 334035 
19852 8720 149285 263865 334035 345096 
23562 60497 230527 267568 274969 293388 
27260 64191 134472 208352 245347 289703 
30973 38365 134472 282322 319259 334035 
34675 200968 234210 245347 334035 356153 
38365 30973 138200 193578 223155 282322 
42037 16127 189874 197269 234210 245347 
45735 53128 152992 226842 252773 263865 
49439 134472 193578 200968 286009 370890 
53128 45735 178836 186191 341412 370890 
56815 27260 164061 245347 263865 282322 
60497 23562 208352 230527 245347 267568 
64191 200968 208352 245347 267568 289703 
67884 134472 189874 208352 241628 245347 
71580 123414 152992 160373 193578 300787 
75269 86352 193578 223155 330347 367206 
78975 130790 160373 171464 178836 274969 
82653 90041 104868 152992 245347 315544 
86352 75269 193578 223155 286009 330347 
90041 82653 104868 200968 234210 245347 
93745 164061 219439 245347 263865 315544 
97447 134472 241628 245347 319259 334035 
101153 167758 245347 263865 297080 319259 
104868 90041 149285 234210 245347 252773 
108580 5043 197269 252773 319259 359846 
112303 193578 208352 245347 252773 319259 
116004 90041 104868 200968 234210 245347 
119701 8720 90041 200968 208352 319259 
123414 71580 130790 152992 160373 274969 
127101 160373 204673 267568 322973 363548 
130790 23562 171464 178836 200968 274969 
134472 16127 167758 197269 215730 245347 
138200 38365 45735 130790 171464 274969 
141892 160373 193578 208352 212051 322973 
145574 97447 134472 215730 245347 334035 
149285 19852 152992 200968 226842 252773 
152992 45735 71580 149285 223155 315544 
156696 75269 160373 193578 337747 370890 
160373 127101 193578 212051 322973 370890 
164061 56815 234210 245347 263865 334035 
167758 101153 134472 197269 319259 334035 
171464 23562 130790 193578 274969 293388 
175139 12420 16127 208352 289703 334035 
178836 8720 160373 274969 319259 370890 
182519 5043 152992 223155 297080 319259 
186191 45735 53128 245347 286009 370890 
189874 16127 234210 241628 245347 334035 
193578 38365 160373 223155 319259 370890 
197269 134472 167758 245347 252773 334035 
200968 8720 226842 245347 263865 319259 
204673 1373 127101 160373 322973 363548 
208352 97447 134472 245347 252773 289703 
212051 141892 160373 208352 252773 322973 
215730 16127 134472 145574 245347 334035 
219439 97447 200968 208352 315544 319259 
223155 152992 193578 208352 337747 348794 
226842 149285 200968 252773 263865 319259 
230527 23562 60497 267568 319259 326658 
234210 16127 97447 134472 197269 245347 
237925 97447 241628 245347 263865 334035 
241628 16127 97447 134472 245347 334035 
245347 16127 234210 241628 263865 334035 
249073 134472 234210 245347 263865 334035 
252773 134472 197269 208352 226842 319259 
256492 8720 16127 64191 119701 271262 
260187 23562 60497 237925 245347 267568 
263865 8720 134472 200968 245347 345096 
267568 23562 60497 64191 127101 293388 
271262 16127 64191 97447 149285 256492 
274969 23562 130790 171464 178836 267568 
278657 23562 90041 123414 230527 274969 
282322 30973 38365 197269 245347 319259 
286009 101153 200968 245347 297080 319259 
289703 64191 208352 237925 319259 334035 
293388 23562 134472 171464 200968 267568 
297080 101153 193578 223155 286009 319259 
300787 71580 97447 123414 160373 289703 
304467 42037 134472 200968 241628 263865 
308170 75269 86352 208352 286009 319259 
311849 23562 60497 130790 274969 293388 
315544 112303 149285 152992 226842 252773 
319259 101153 197269 200968 226842 345096 
322973 127101 160373 204673 363548 370890 
326658 23562 60497 230527 267568 293388 
330347 75269 86352 134472 223155 319259 
334035 16127 97447 197269 237925 245347 
337747 156696 160373 223155 322973 363548 
341412 45735 53128 152992 167758 263865 
345096 8720 19852 200968 263865 319259 
348794 30973 38365 152992 223155 297080 
352475 23562 67884 130790 219439 286009 
356153 34675 101153 245347 319259 334035 
359846 19852 108580 112303 167758 319259 
363548 127101 130790 160373 204673 322973 
367206 8720 75269 226842 263865 359846 
370890 160373 178836 193578 319259 322973 
374582 430241 545346 627063 730961 742106 
378286 422812 433965 664137 712369 734689 
382007 415364 508198 604818 619629 716095 
385716 519332 523036 589936 612221 671584 
389409 489643 515633 612221 645604 708668 
393142 404271 597370 627063 660423 730961 
396844 515633 552765 571328 575047 727221 
400558 396844 552765 571328 582503 727221 
404271 393142 497052 597370 627063 730961 
407964 471113 478527 508198 634510 660423 
411667 426548 515633 552765 571328 612221 
415364 586222 604818 671584 716095 734689 
419092 459956 485942 511918 578783 686409 
422812 378286 567611 586222 667869 712369 
426548 400558 411667 515633 571328 575047 
430241 374582 597370 627063 730961 745824 
433965 378286 415364 604818 664137 716095 
437686 452511 489643 560179 578783 686409 
441396 549069 560179 641886 649307 679013 
445098 537898 563884 582503 623345 675307 
448801 396844 515633 552765 571328 575047 
452511 437686 474818 560179 578783 686409 
456229 459956 489643 511918 582503 656708 
459956 419092 511918 582503 623345 686409 
463679 537898 563884 567611 582503 727221 
467404 504474 630782 653001 719798 730961 
471113 627063 630782 660423 723513 730961 
474818 419092 452511 534196 578783 686409 
478527 407964 471113 634510 660423 719798 
482227 378286 653001 671584 734689 745824 
485942 419092 511918 534196 623345 675307 
489643 437686 560179 578783 645604 686409 
493357 426548 459956 623345 686409 690132 
497052 404271 597370 619629 627063 697559 
500758 415364 482227 597370 671584 697559 
504474 467404 604818 630782 671584 730961 
508198 604818 653001 664137 712369 742106 
511918 419092 459956 485942 675307 686409 
515633 411667 523036 552765 571328 612221 
519332 415364 589936 604818 671584 734689 
523036 515633 567611 571328 612221 712369 
526760 445098 456229 489643 601103 686409 
530464 511918 560179 578783 638191 686409 
534196 452511 474818 485942 560179 686409 
537898 445098 541619 567611 582503 675307 
541619 537898 567611 582503 593649 712369 
545346 415364 653001 671584 716095 734689 
549069 441396 560179 641886 649307 679013 
552765 396844 400558 448801 571328 575047 
556481 497052 508198 604818 619629 697559 
560179 437686 452511 489643 578783 686409 
563884 445098 537898 582503 623345 690132 
567611 422812 523036 537898 667869 712369 
571328 396844 448801 515633 552765 575047 
575047 396844 448801 515633 552765 571328 
578783 419092 452511 474818 560179 686409 
582503 537898 541619 571328 623345 675307 
586222 415364 422812 541619 604818 712369 
589936 422812 519332 523036 586222 612221 
593649 515633 541619 567611 712369 716095 
597370 404271 430241 497052 627063 730961 
601103 537898 563884 582503 612221 727221 
604818 382007 415364 508198 664137 712369 
608536 374582 519332 653001 701268 742106 
612221 411667 515633 523036 571328 589936 
615934 515633 571328 604818 664137 712369 
619629 382007 497052 556481 604818 697559 
623345 459956 485942 582503 675307 690132 
627063 404271 430241 497052 597370 730961 
630782 430241 471113 627063 723513 730961 
634510 407964 471113 660423 723513 730961 
638191 437686 511918 530464 560179 578783 
641886 437686 441396 549069 560179 649307 
645604 456229 459956 489643 578783 686409 
649307 474818 489643 560179 578783 641886 
653001 508198 545346 604818 671584 742106 
656708 419092 456229 459956 511918 645604 
660423 407964 471113 630782 634510 730961 
664137 378286 433965 508198 604818 712369 
667869 422812 523036 567611 682684 712369 
671584 415364 545346 604818 716095 734689 
675307 445098 485942 537898 582503 623345 
679013 441396 493357 549069 623345 641886 
682684 537898 567611 667869 712369 738403 
686409 452511 459956 489643 560179 578783 
690132 493357 563884 601103 623345 675307 
693845 400558 552765 571328 582503 727221 
697559 430241 497052 508198 556481 619629 
701268 508198 589936 608536 653001 742106 
704968 382007 415364 586222 604818 716095 
708668 389409 411667 456229 459956 511918 
712369 422812 541619 567611 586222 664137 
716095 415364 433965 545346 586222 671584 
719798 467404 630782 660423 723513 730961 
723513 471113 627063 630782 660423 730961 
727221 396844 400558 537898 552765 693845 
730961 430241 597370 627063 630782 660423 
734689 378286 415364 482227 545346 671584 
738403 437686 452511 489643 682684 727221 
742106 508198 604818 653001 701268 712369 
745824 430241 482227 508198 653001 671584 
749544 753234 834386 852841 974396 1044516 
753234 749544 804901 834386 1003952 1029742 
756929 771688 834386 852841 863892 1026053 
760632 944922 955965 1048213 1062971 1085122 
764321 815939 834386 863892 967055 1066659 
767996 775373 845462 893376 944922 985481 
771688 827001 937559 955965 1026053 1048213 
775373 860194 963337 1044516 1048213 1092493 
779067 900736 904420 937559 955965 985481 
782741 937559 996571 1059293 1066659 1070345 
786426 904420 967055 974396 1029742 1033442 
790125 797508 815939 849154 860194 1000260 
793812 775373 834386 963337 1000260 1114635 
797508 790125 827001 838087 992892 1033442 
801196 874943 963337 1037140 1048213 1051904 
804901 753234 944922 1000260 1003952 1092493 
808590 944922 959649 963337 1088802 1114635 
812255 749544 852841 900736 985481 1055600 
815939 856508 863892 904420 963337 1037140 
819643 900736 904420 944922 989166 1051904 
823335 756929 760632 852841 1011330 1059293 
827001 815939 904420 1026053 1033442 1107258 
830690 874943 878635 922838 1044516 1110951 
834386 904420 963337 974396 1033442 1107258 
838087 797508 860194 963337 1037140 1107258 
841778 952292 1037140 1062971 1085122 1107258 
845462 767996 893376 897054 944922 985481 
849154 815939 834386 1011330 1033442 1077725 
852841 749544 756929 760632 955965 1059293 
856508 815939 863892 874943 922838 963337 
860194 790125 815939 1000260 1048213 1066659 
863892 756929 815939 856508 874943 1066659 
867580 904420 963337 1033442 1044516 1110951 
871265 760632 834386 1007641 1037140 1107258 
874943 801196 815939 856508 863892 963337 
878635 801196 830690 863892 874943 1051904 
882321 815939 1026053 1033442 1037140 1107258 
886003 760632 904420 967055 1059293 1099877 
889683 897054 904420 933888 952292 1099877 
893376 767996 845462 897054 904420 944922 
897054 760632 845462 944922 985481 1085122 
900736 812255 955965 985481 1048213 1103581 
904420 963337 1037140 1048213 1051904 1107258 
908121 963337 1000260 1022368 1066659 1114635 
911799 812255 849154 937559 1000260 1048213 
915473 849154 904420 944922 1033442 1118337 
919163 797508 838087 978093 992892 1103581 
922838 815939 830690 856508 874943 963337 
926534 756929 771688 852841 937559 955965 
930207 779067 937559 981776 1077725 1118337 
933888 804901 904420 1003952 1085122 1103581 
937559 771688 779067 955965 1048213 1077725 
941257 771688 845462 897054 944922 967055 
944922 804901 845462 897054 904420 1003952 
948618 845462 904420 944922 967055 1033442 
952292 841778 889683 904420 1037140 1107258 
955965 900736 937559 996571 1048213 1059293 
959649 845462 897054 944922 967055 1114635 
963337 834386 904420 1033442 1037140 1048213 
967055 786426 845462 941257 1029742 1033442 
970742 815939 819643 827001 967055 1107258 
974396 786426 834386 904420 1029742 1033442 
978093 838087 919163 952292 981776 1059293 
981776 815939 989166 1033442 1037140 1118337 
985481 779067 845462 897054 900736 1114635 
989166 981776 1029742 1033442 1044516 1077725 
992892 797508 897054 952292 1000260 1033442 
996571 760632 852841 955965 985481 1059293 
1000260 804901 860194 904420 1037140 1092493 
1003952 804901 944922 974396 1044516 1103581 
1007641 815939 904420 963337 1000260 1118337 
1011330 815939 849154 1044516 1048213 1118337 
1015024 874943 904420 1029742 1033442 1048213 
1018693 749544 753234 756929 852841 989166 
1022368 904420 908121 963337 1033442 1107258 
1026053 756929 771688 815939 827001 860194 
1029742 974396 989166 1033442 1037140 1062971 
1033442 963337 1029742 1037140 1062971 1107258 
1037140 904420 963337 1033442 1051904 1107258 
1040850 819643 897054 967055 1044516 1051904 
1044516 775373 904420 963337 1033442 1118337 
1048213 771688 904420 955965 963337 1077725 
1051904 874943 904420 963337 1037140 1107258 
1055600 771688 812255 944922 1003952 1103581 
1059293 760632 782741 852841 955965 996571 
1062971 760632 841778 1029742 1033442 1048213 
1066659 815939 860194 908121 1092493 1114635 
1070345 815939 856508 989166 1044516 1066659 
1074045 760632 904420 955965 1007641 1107258 
1077725 849154 937559 989166 1037140 1048213 
1081422 775373 815939 1000260 1033442 1048213 
1085122 760632 841778 897054 933888 1048213 
1088802 815939 944922 959649 1048213 1118337 
1092493 804901 860194 904420 1000260 1066659 
1096183 797508 815939 882321 1026053 1118337 
1099877 889683 1000260 1033442 1037140 1048213 
1103581 900736 933888 944922 1003952 1055600 
1107258 834386 904420 963337 1033442 1037140 
1110951 830690 838087 860194 867580 1051904 
1114635 793812 944922 985481 1000260 1066659 
1118337 904420 963337 981776 1033442 1044516 
1122026 1214292 1391491 1428428 1432124 1476434 
1125698 1147813 1203208 1299248 1424734 1432124 
1129379 1140448 1214292 1361968 1476434 1480146 
1133063 1221699 1232788 1313956 1409959 1443203 
1136738 1195857 1251251 1380439 1417332 1454282 
1140448 1206904 1236491 1247552 1398873 1491228 
1144141 1225380 1229088 1232788 1247552 1373065 
1147813 1169996 1181108 1269727 1432124 1454282 
1151520 1177401 1206904 1299248 1369357 1424734 
1155228 1147813 1158902 1321354 1413647 1454282 
1158902 1147813 1169996 1181108 1254955 1295540 
1162593 1177401 1206904 1373065 1424734 1476434 
1166305 1147813 1214292 1266033 1317640 1432124 
1169996 1181108 1328763 1432124 1454282 1457970 
1173706 1147813 1169996 1247552 1291828 1457970 
1177401 1214292 1299248 1369357 1373065 1476434 
1181108 1147813 1169996 1280762 1328763 1454282 
1184793 1169996 1203208 1254955 1395188 1457970 
1188474 1147813 1354598 1413647 1454282 1465364 
1192155 1177401 1247552 1251251 1369357 1461667 
1195857 1136738 1325058 1417332 1432124 1483842 
1199529 1136738 1169996 1236491 1380439 1457970 
1203208 1125698 1147813 1254955 1299248 1354598 
1206904 1162593 1236491 1258657 1373065 1398873 
1210622 1269727 1273423 1284470 1454282 1476434 
1214292 1166305 1177401 1369357 1432124 1476434 
1217997 1169996 1181108 1236491 1461667 1483842 
1221699 1169996 1225380 1232788 1247552 1472725 
1225380 1221699 1232788 1247552 1417332 1472725 
1229088 1144141 1225380 1232788 1247552 1291828 
1232788 1169996 1221699 1225380 1373065 1443203 
1236491 1169996 1206904 1454282 1461667 1483842 
1240192 1177401 1192155 1247552 1369357 1398873 
1243882 1147813 1169996 1192155 1236491 1280762 
1247552 1173706 1192155 1225380 1291828 1472725 
1251251 1147813 1192155 1236491 1373065 1454282 
1254955 1169996 1181108 1236491 1295540 1432124 
1258657 1162593 1206904 1236491 1387797 1476434 
1262350 1192155 1269727 1299248 1424734 1454282 
1266033 1147813 1166305 1177401 1424734 1476434 
1269727 1147813 1299248 1424734 1454282 1461667 
1273423 1188474 1192155 1210622 1284470 1291828 
1277102 1147813 1302942 1317640 1432124 1454282 
1280762 1169996 1181108 1328763 1432124 1476434 
1284470 1236491 1273423 1291828 1299248 1369357 
1288150 1169996 1236491 1291828 1432124 1457970 
1291828 1147813 1169996 1395188 1432124 1457970 
1295540 1169996 1181108 1254955 1328763 1432124 
1299248 1177401 1269727 1424734 1432124 1461667 
1302942 1214292 1236491 1398873 1476434 1480146 
1306622 1169996 1236491 1254955 1369357 1376772 
1310284 1229088 1369357 1373065 1398873 1476434 
1313956 1133063 1169996 1225380 1369357 1443203 
1317640 1147813 1166305 1391491 1424734 1454282 
1321354 1147813 1236491 1288150 1291828 1387797 
1325058 1147813 1354598 1398873 1417332 1432124 
1328763 1169996 1181108 1280762 1295540 1457970 
1332457 1177401 1247552 1288150 1336156 1369357 
1336156 1177401 1225380 1332457 1417332 1421038 
1339851 1147813 1177401 1188474 1254955 1413647 
1343530 1151520 1177401 1203208 1361968 1461667 
1347215 1147813 1177401 1398873 1409959 1476434 
1350906 1147813 1177401 1247552 1291828 1432124 
1354598 1325058 1398873 1454282 1461667 1476434 
1358295 1169996 1195857 1236491 1291828 1369357 
1361968 1129379 1206904 1269727 1343530 1398873 
1365662 1177401 1214292 1391491 1398873 1476434 
1369357 1151520 1177401 1214292 1373065 1476434 
1373065 1147813 1177401 1232788 1251251 1476434 
1376772 1254955 1258657 1291828 1295540 1306622 
1380439 1136738 1206904 1236491 1269727 1325058 
1384128 1192155 1262350 1432124 1461667 1476434 
1387797 1221699 1232788 1236491 1258657 1321354 
1391491 1317640 1365662 1398873 1424734 1432124 
1395188 1169996 1177401 1291828 1295540 1457970 
1398873 1140448 1177401 1206904 1476434 1491228 
1402578 1147813 1254955 1269727 1317640 1424734 
1406276 1369357 1428428 1454282 1461667 1476434 
1409959 1133063 1347215 1369357 1450579 1461667 
1413647 1147813 1188474 1269727 1299248 1402578 
1417332 1177401 1225380 1454282 1472725 1476434 
1421038 1162593 1177401 1192155 1206904 1476434 
1424734 1162593 1177401 1269727 1299248 1317640 
1428428 1147813 1166305 1424734 1432124 1476434 
1432124 1147813 1169996 1299248 1454282 1457970 
1435827 1177401 1236491 1373065 1476434 1483842 
1439510 1169996 1217997 1361968 1432124 1457970 
1443203 1177401 1225380 1232788 1313956 1369357 
1446906 1169996 1221699 1236491 1258657 1450579 
1450579 1169996 1236491 1291828 1454282 1457970 
1454282 1147813 1169996 1236491 1432124 1483842 
1457970 1169996 1291828 1395188 1432124 1450579 
1461667 1192155 1236491 1269727 1299248 1476434 
1465364 1147813 1269727 1373065 1472725 1476434 
1469044 1147813 1177401 1266033 1450579 1480146 
1472725 1225380 1247552 1373065 1417332 1432124 
1476434 1177401 1214292 1369357 1373065 1491228 
1480146 1147813 1169996 1236491 1432124 1461667 
1483842 1147813 1169996 1236491 1417332 1454282 
1487544 1177401 1206904 1361968 1476434 1480146 
1491228 1169996 1177401 1317640 1398873 1476434 
1494923 1661234 1676019 1768485 1772183 1790640 
1498609 1579891 1709343 1801727 1849752 1857162 
1502308 1616874 1816493 1838668 1853455 1857162 
1505972 1627965 1668621 1738858 1753672 1764777 
1509662 1531797 1709343 1724077 1764777 1853455 
1513358 1517056 1539211 1553989 1646431 1724077 
1517056 1553989 1620582 1716714 1853455 1860884 
1520749 1513358 1557696 1639049 1783267 1809116 
1524414 1528096 1639049 1768485 1805418 1857162 
1528096 1524414 1553989 1639049 1694562 1790640 
1531797 1509662 1724077 1764777 1849752 1853455 
1535519 1539211 1583594 1653835 1724077 1846046 
1539211 1709343 1724077 1764777 1790640 1846046 
1542913 1561385 1565100 1598399 1727783 1779557 
1546596 1539211 1576186 1590996 1724077 1846046 
1550299 1616874 1661234 1672319 1679737 1779557 
1553989 1539211 1590996 1724077 1831281 1853455 
1557696 1524414 1690850 1757360 1779557 1805418 
1561385 1546596 1764777 1786950 1846046 1864570 
1565100 1539211 1572496 1624266 1683441 1698248 
1568799 1668621 1698248 1842348 1846046 1849752 
1572496 1579891 1605792 1705639 1727783 1786950 
1576186 1546596 1590996 1657540 1786950 1846046 
1579891 1676019 1742545 1749974 1801727 1857162 
1583594 1535519 1590996 1657540 1846046 1853455 
1587287 1579891 1598399 1709343 1786950 1846046 
1590996 1553989 1657540 1664919 1746254 1853455 
1594699 1565100 1624266 1676019 1683441 1698248 
1598399 1587287 1661234 1709343 1779557 1786950 
1602107 1513358 1517056 1635346 1639049 1661234 
1605792 1572496 1579891 1668621 1724077 1735170 
1609493 1539211 1724077 1742545 1746254 1801727 
1613184 1587287 1683441 1786950 1846046 1857162 
1616874 1679737 1683441 1764777 1768485 1794338 
1620582 1517056 1716714 1764777 1768485 1853455 
1624266 1565100 1594699 1683441 1698248 1790640 
1627965 1528096 1642744 1694562 1753672 1790640 
1631660 1572496 1590996 1605792 1805418 1846046 
1635346 1509662 1539211 1724077 1764777 1768485 
1639049 1528096 1579891 1657540 1694562 1742545 
1642744 1627965 1683441 1709343 1790640 1801727 
1646431 1513358 1524414 1590996 1694562 1790640 
1650136 1664919 1687155 1705639 1742545 1864570 
1653835 1539211 1546596 1590996 1724077 1831281 
1657540 1639049 1676019 1724077 1790640 1846046 
1661234 1598399 1709343 1742545 1775875 1790640 
1664919 1579891 1590996 1742545 1853455 1857162 
1668621 1568799 1605792 1672319 1690850 1849752 
1672319 1572496 1661234 1683441 1698248 1805418 
1676019 1579891 1657540 1790640 1846046 1857162 
1679737 1661234 1676019 1709343 1764777 1809116 
1683441 1565100 1679737 1698248 1709343 1857162 
1687155 1616874 1650136 1683441 1786950 1857162 
1690850 1572496 1786950 1805418 1846046 1857162 
1694562 1528096 1627965 1639049 1657540 1831281 
1698248 1565100 1594699 1683441 1842348 1857162 
1701957 1513358 1579891 1749974 1801727 1857162 
1705639 1572496 1579891 1749974 1801727 1805418 
1709343 1587287 1598399 1724077 1764777 1786950 
1713060 1524414 1609493 1731478 1842348 1849752 
1716714 1517056 1546596 1620582 1768485 1846046 
1720385 1498609 1517056 1524414 1694562 1798032 
1724077 1539211 1546596 1709343 1764777 1846046 
1727783 1542913 1565100 1572496 1605792 1668621 
1731478 1661234 1676019 1786950 1805418 1849752 
1735170 1565100 1579891 1605792 1705639 1749974 
1738858 1539211 1724077 1775875 1783267 1790640 
1742545 1579891 1661234 1664919 1676019 1857162 
1746254 1590996 1724077 1764777 1846046 1853455 
1749974 1579891 1705639 1801727 1805418 1846046 
1753672 1528096 1553989 1627965 1724077 1790640 
1757360 1557696 1572496 1579891 1672319 1679737 
1761074 1764777 1775875 1809116 1820178 1857162 
1764777 1509662 1539211 1709343 1786950 1846046 
1768485 1764777 1790640 1853455 1857162 1860884 
1772183 1494923 1524414 1528096 1768485 1798032 
1775875 1598399 1661234 1709343 1724077 1779557 
1779557 1598399 1676019 1709343 1775875 1805418 
1783267 1539211 1635346 1738858 1764777 1786950 
1786950 1709343 1764777 1805418 1846046 1857162 
1790640 1539211 1657540 1676019 1724077 1805418 
1794338 1539211 1557696 1587287 1616874 1764777 
1798032 1528096 1627965 1639049 1683441 1720385 
1801727 1579891 1598399 1705639 1786950 1857162 
1805418 1579891 1779557 1786950 1790640 1846046 
1809116 1627965 1635346 1661234 1679737 1709343 
1812809 1546596 1724077 1746254 1764777 1846046 
1816493 1676019 1683441 1698248 1731478 1857162 
1820178 1609493 1724077 1746254 1764777 1831281 
1823880 1598399 1679737 1768485 1779557 1805418 
1827582 1517056 1590996 1594699 1746254 1853455 
1831281 1539211 1553989 1590996 1676019 1764777 
1834988 1531797 1668621 1683441 1698248 1857162 
1838668 1524414 1639049 1661234 1742545 1779557 
1842348 1568799 1668621 1698248 1764777 1849752 
1846046 1539211 1676019 1724077 1786950 1857162 
1849752 1531797 1579891 1676019 1709343 1805418 
1853455 1553989 1590996 1746254 1764777 1768485 
1857162 1579891 1664919 1786950 1801727 1846046 
1860884 1509662 1517056 1746254 1768485 1853455 
1864570 1546596 1590996 1676019 1786950 1846046 
1868283 1901542 2045427 2119218 2178238 2222488 
1871969 1897843 1919991 2041731 2097116 2185593 
1875653 1879363 1890455 2034335 2063884 2078661 
1879363 1949503 2034335 2089734 2115525 2222488 
1883068 1919991 1923676 2023251 2034335 2063884 
1886768 1894150 2038053 2045427 2074966 2104497 
1890455 1875653 2060189 2063884 2078661 2086045 
1894150 1886768 2004791 2038053 2045427 2074966 
1897843 1871969 2034335 2041731 2097116 2159809 
1901542 1868283 1923676 1945820 2015872 2141385 
1905233 2015872 2045427 2074966 2082352 2141385 
1908927 1919991 2034335 2052807 2056490 2218785 
1912603 1890455 2100805 2115525 2163498 2218785 
1916295 1890455 1897843 2008478 2034335 2086045 
1919991 1883068 2034335 2145065 2185593 2237227 
1923676 1942124 2015872 2030634 2119218 2163498 
1927390 1897843 2034335 2133996 2159809 2218785 
1931078 1886768 2034335 2060189 2071277 2082352 
1934759 1990044 2034335 2041731 2115525 2237227 
1938455 1953194 1997437 2034335 2078661 2215084 
1942124 1923676 1945820 2119218 2163498 2178238 
1945820 1923676 1942124 2015872 2119218 2145065 
1949503 1879363 1953194 2133996 2196642 2211395 
1953194 2001097 2030634 2159809 2163498 2196642 
1956907 2111842 2130294 2189299 2222488 2237227 
1960588 1982690 2008478 2049110 2222488 2237227 
1964255 2063884 2115525 2159809 2185593 2237227 
1967945 1953194 1971633 2115525 2229864 2237227 
1971633 1894150 1923676 1942124 2030634 2041731 
1975318 1949503 2012169 2089734 2196642 2211395 
1979009 2023251 2034335 2063884 2115525 2233547 
1982690 2008478 2015872 2049110 2178238 2204021 
1986381 1868283 1982690 2082352 2104497 2178238 
1990044 2086045 2111842 2115525 2133996 2237227 
1993739 2023251 2086045 2089734 2159809 2226182 
1997437 1890455 1938455 2023251 2078661 2097116 
2001097 1923676 1953194 2030634 2082352 2237227 
2004791 1886768 1894150 2038053 2045427 2074966 
2008478 1982690 2030634 2034335 2049110 2060189 
2012169 1949503 2041731 2170868 2200327 2211395 
2015872 1901542 1923676 1945820 2082352 2119218 
2019560 2086045 2115525 2130294 2218785 2237227 
2023251 2052807 2063884 2111842 2115525 2237227 
2026954 2089734 2196642 2226182 2233547 2237227 
2030634 1923676 1945820 2008478 2119218 2145065 
2034335 1879363 2063884 2115525 2130294 2222488 
2038053 1886768 1894150 2045427 2060189 2104497 
2041731 1871969 1886768 1897843 2056490 2170868 
2045427 1886768 2038053 2074966 2082352 2104497 
2049110 1960588 1982690 2008478 2038053 2082352 
2052807 1919991 2023251 2056490 2111842 2115525 
2056490 1879363 1886768 1894150 2041731 2052807 
2060189 1886768 1931078 2008478 2038053 2082352 
2063884 2034335 2115525 2185593 2218785 2237227 
2067589 1901542 1945820 2030634 2133996 2141385 
2071277 1931078 2045427 2060189 2074966 2082352 
2074966 1886768 1894150 2004791 2045427 2104497 
2078661 1890455 1919991 1993739 1997437 2023251 
2082352 1886768 2015872 2045427 2060189 2119218 
2086045 1890455 1990044 1993739 2115525 2222488 
2089734 1879363 1949503 1993739 2063884 2115525 
2093430 1897843 2034335 2063884 2115525 2218785 
2097116 1871969 1897843 1919991 2041731 2115525 
2100805 1953194 2030634 2063884 2115525 2196642 
2104497 1886768 2038053 2045427 2074966 2204021 
2108179 2001097 2041731 2111842 2170868 2237227 
2111842 2023251 2052807 2115525 2185593 2218785 
2115525 1990044 2034335 2063884 2185593 2218785 
2119218 1923676 1942124 1945820 2082352 2163498 
2122913 1919991 2023251 2034335 2063884 2237227 
2126613 1883068 1993739 2023251 2063884 2074966 
2130294 2019560 2034335 2115525 2218785 2237227 
2133996 1949503 1993739 2030634 2115525 2159809 
2137698 1883068 1993739 2034335 2063884 2115525 
2141385 1901542 1905233 1942124 2178238 2222488 
2145065 1919991 1923676 1945820 2030634 2196642 
2148754 1879363 1949503 2019560 2041731 2115525 
2152437 1897843 1923676 1971633 1990044 2030634 
2156122 2034335 2063884 2115525 2218785 2237227 
2159809 1897843 1953194 1993739 2133996 2226182 
2163498 1923676 1942124 2119218 2178238 2200327 
2167185 1993739 2019560 2115525 2133996 2159809 
2170868 2012169 2041731 2189299 2196642 2200327 
2174545 2063884 2115525 2119218 2163498 2218785 
2178238 1868283 1942124 1982690 2163498 2222488 
2181924 1953194 1993739 2001097 2086045 2119218 
2185593 2034335 2063884 2111842 2115525 2237227 
2189299 2111842 2115525 2170868 2185593 2218785 
2192973 1919991 1990044 2063884 2115525 2237227 
2196642 1942124 1949503 1953194 2145065 2170868 
2200327 1942124 1953194 2012169 2163498 2170868 
2204021 1886768 1982690 2038053 2045427 2104497 
2207709 1879363 1897843 1949503 2034335 2111842 
2211395 1949503 1953194 1975318 2012169 2145065 
2215084 1993739 2052807 2056490 2226182 2237227 
2218785 2063884 2115525 2130294 2185593 2237227 
2222488 1868283 1879363 2034335 2119218 2178238 
2226182 1993739 2026954 2086045 2159809 2215084 
2229864 1890455 1923676 1942124 2030634 2086045 
2233547 1879363 1993739 2026954 2041731 2115525 
2237227 2034335 2063884 2115525 2130294 2215084 
2240916 2259405 2281529 2307384 2325863 2565864 
2244619 2252015 2255706 2296292 2314779 2569558 
2248320 2285219 2318494 2403449 2418185 2444020 
2252015 2296292 2373891 2429249 2440311 2447704 
2255706 2281529 2366485 2373891 2466180 2536312 
2259405 2263098 2325863 2388721 2532605 2565864 
2263098 2259405 2373891 2377605 2532605 2565864 
2266791 2466180 2480957 2492029 2539997 2599098 
2270449 2277827 2314779 2370188 2388721 2447704 
2274134 2259405 2263098 2381326 2440311 2514162 
2277827 2270449 2285219 2292595 2370188 2381326 
2281529 2307384 2377605 2458791 2466180 2517855 
2285219 2277827 2314779 2370188 2381326 2388721 
2288907 2359078 2370188 2377605 2558454 2591703 
2292595 2277827 2370188 2436633 2573249 2580643 
2296292 2252015 2429249 2477261 2562159 2584333 
2299993 2270449 2285219 2444020 2447704 2547398 
2303681 2240916 2377605 2469878 2517855 2562159 
2307384 2240916 2259405 2281529 2325863 2366485 
2311079 2259405 2514162 2543701 2565864 2599098 
2314779 2270449 2359078 2370188 2381326 2388721 
2318494 2248320 2403449 2418185 2432953 2591703 
2322183 2285219 2288907 2314779 2370188 2580643 
2325863 2240916 2259405 2307384 2532605 2599098 
2329559 2240916 2259405 2307384 2366485 2565864 
2333242 2392411 2455099 2469878 2492029 2514162 
2336942 2259405 2263098 2392411 2455099 2514162 
2340639 2266791 2344306 2425558 2547398 2551082 
2344306 2248320 2340639 2403449 2444020 2547398 
2347983 2255706 2373891 2403449 2429249 2551082 
2351675 2259405 2377605 2469878 2532605 2554753 
2355383 2277827 2314779 2370188 2480957 2488343 
2359078 2263098 2377605 2381326 2477261 2514162 
2362776 2263098 2303681 2377605 2469878 2573249 
2366485 2281529 2307384 2458791 2517855 2565864 
2370188 2270449 2277827 2285219 2314779 2388721 
2373891 2263098 2377605 2429249 2466180 2517855 
2377605 2263098 2362776 2469878 2517855 2562159 
2381326 2259405 2314779 2359078 2370188 2514162 
2385022 2263098 2362776 2440311 2532605 2599098 
2388721 2259405 2263098 2314779 2370188 2595401 
2392411 2336942 2377605 2469878 2514162 2562159 
2396105 2303681 2392411 2414510 2447704 2480957 
2399781 2259405 2263098 2362776 2539997 2573249 
2403449 2248320 2418185 2432953 2444020 2547398 
2407137 2314779 2377605 2473579 2477261 2562159 
2410824 2285219 2314779 2370188 2432953 2573249 
2414510 2270449 2396105 2429249 2447704 2466180 
2418185 2248320 2370188 2403449 2499428 2573249 
2421869 2259405 2263098 2351675 2377605 2565864 
2425558 2270449 2314779 2366485 2370188 2447704 
2429249 2252015 2373891 2377605 2517855 2562159 
2432953 2370188 2377605 2403449 2410824 2573249 
2436633 2292595 2362776 2370188 2499428 2580643 
2440311 2252015 2263098 2377605 2392411 2562159 
2444020 2285219 2299993 2403449 2547398 2551082 
2447704 2252015 2270449 2429249 2480957 2562159 
2451410 2292595 2370188 2392411 2444020 2488343 
2455099 2333242 2336942 2469878 2492029 2514162 
2458791 2240916 2255706 2281529 2366485 2517855 
2462484 2303681 2377605 2447704 2528929 2562159 
2466180 2255706 2281529 2366485 2373891 2517855 
2469878 2303681 2333242 2377605 2392411 2455099 
2473579 2259405 2274134 2377605 2407137 2573249 
2477261 2296292 2359078 2377605 2392411 2562159 
2480957 2263098 2373891 2377605 2429249 2447704 
2484651 2311079 2359078 2480957 2536312 2543701 
2488343 2277827 2314779 2355383 2370188 2499428 
2492029 2259405 2333242 2377605 2455099 2469878 
2495722 2259405 2311079 2565864 2588017 2606501 
2499428 2351675 2370188 2436633 2573249 2610217 
2503123 2263098 2421869 2480957 2562159 2599098 
2506787 2240916 2255706 2307384 2532605 2543701 
2510485 2436633 2562159 2569558 2580643 2599098 
2514162 2333242 2336942 2359078 2392411 2455099 
2517855 2281529 2366485 2373891 2377605 2466180 
2521552 2303681 2366485 2373891 2447704 2517855 
2525234 2252015 2373891 2429249 2517855 2576954 
2528929 2252015 2377605 2429249 2462484 2480957 
2532605 2259405 2263098 2325863 2351675 2565864 
2536312 2255706 2259405 2263098 2325863 2366485 
2539997 2333242 2362776 2392411 2477261 2514162 
2543701 2307384 2311079 2325863 2466180 2599098 
2547398 2248320 2299993 2403449 2444020 2551082 
2551082 2314779 2370188 2444020 2447704 2547398 
2554753 2263098 2351675 2373891 2377605 2517855 
2558454 2288907 2359078 2377605 2562159 2591703 
2562159 2296292 2377605 2392411 2477261 2558454 
2565864 2240916 2259405 2263098 2366485 2588017 
2569558 2255706 2311079 2314779 2359078 2580643 
2573249 2292595 2362776 2432953 2477261 2499428 
2576954 2252015 2281529 2373891 2429249 2517855 
2580643 2314779 2322183 2362776 2436633 2569558 
2584333 2288907 2296292 2362776 2377605 2477261 
2588017 2240916 2259405 2311079 2543701 2565864 
2591703 2359078 2377605 2514162 2558454 2562159 
2595401 2314779 2370188 2388721 2477261 2492029 
2599098 2259405 2263098 2311079 2325863 2385022 
2602809 2377605 2403449 2407137 2418185 2591703 
2606501 2259405 2263098 2311079 2359078 2514162 
2610217 2370188 2418185 2488343 2499428 2573249 
2613904 2669372 2743266 2843148 2961424 2983584 
2617594 2636076 2665664 2813555 2835747 2839451 
2621308 2750689 2798729 2820948 2876383 2898588 
2624994 2639767 2732180 2739579 2939258 2968822 
2628669 2776533 2820948 2824659 2920788 2931854 
2632371 2636076 2743266 2813555 2898588 2961424 
2636076 2617594 2746992 2765427 2813555 2835747 
2639767 2669372 2817257 2880098 2931854 2983584 
2643481 2698920 2776533 2824659 2909703 2931854 
2647175 2691520 2724792 2865293 2894885 2909703 
2650895 2658286 2680439 2820948 2913410 2931854 
2654578 2691520 2743266 2772844 2806141 2909703 
2658286 2665664 2698920 2798729 2809856 2865293 
2661979 2691520 2724792 2798729 2865293 2902311 
2665664 2617594 2636076 2813555 2839451 2865293 
2669372 2691520 2743266 2820948 2876383 2898588 
2673077 2724792 2735882 2798729 2835747 2906010 
2676757 2639767 2724792 2776533 2798729 2861590 
2680439 2650895 2795028 2809856 2909703 2946649 
2684135 2743266 2795028 2798729 2891205 2965130 
2687823 2739579 2817257 2931854 2939258 2976195 
2691520 2724792 2769139 2865293 2894885 2909703 
2695229 2750689 2780249 2817257 2924473 2983584 
2698920 2691520 2732180 2761738 2865293 2909703 
2702624 2636076 2746992 2765427 2798729 2898588 
2706319 2628669 2639767 2820948 2924473 2983584 
2710005 2639767 2669372 2743266 2795028 2965130 
2713701 2639767 2787631 2817257 2880098 2931854 
2717392 2639767 2743266 2835747 2906010 2942942 
2721094 2643481 2698920 2739579 2883811 2928162 
2724792 2691520 2772844 2798729 2865293 2909703 
2728495 2669372 2743266 2761738 2828362 2865293 
2732180 2669372 2698920 2769139 2894885 2983584 
2735882 2658286 2673077 2743266 2798729 2861590 
2739579 2687823 2721094 2928162 2939258 2976195 
2743266 2632371 2669372 2710005 2898588 2961424 
2746992 2636076 2765427 2813555 2835747 2917100 
2750689 2621308 2743266 2769139 2780249 2898588 
2754384 2632371 2691520 2710005 2743266 2865293 
2758069 2698920 2772844 2817257 2865293 2931854 
2761738 2691520 2698920 2724792 2728495 2865293 
2765427 2617594 2636076 2746992 2813555 2835747 
2769139 2691520 2750689 2861590 2898588 2961424 
2772844 2724792 2806141 2813555 2876383 2909703 
2776533 2628669 2643481 2824659 2920788 2931854 
2780249 2621308 2750689 2828362 2924473 2983584 
2783931 2698920 2724792 2795028 2806141 2909703 
2787631 2639767 2713701 2724792 2909703 2950354 
2791326 2743266 2795028 2872691 2876383 2909703 
2795028 2669372 2680439 2743266 2798729 2898588 
2798729 2691520 2724792 2865293 2898588 2946649 
2802454 2617594 2772844 2813555 2917100 2942942 
2806141 2691520 2724792 2772844 2783931 2909703 
2809856 2658286 2680439 2691520 2795028 2894885 
2813555 2617594 2632371 2636076 2746992 2765427 
2817257 2639767 2669372 2713701 2743266 2931854 
2820948 2669372 2691520 2743266 2861590 2876383 
2824659 2628669 2761738 2776533 2868987 2931854 
2828362 2669372 2728495 2861590 2865293 2983584 
2832053 2743266 2746992 2835747 2865293 2965130 
2835747 2617594 2636076 2746992 2765427 2813555 
2839451 2617594 2647175 2665664 2865293 2894885 
2843148 2613904 2632371 2743266 2961424 2983584 
2846845 2647175 2865293 2868987 2920788 2924473 
2850543 2698920 2724792 2772844 2865293 2891205 
2854219 2669372 2724792 2743266 2772844 2909703 
2857904 2691520 2713701 2865293 2898588 2931854 
2861590 2761738 2769139 2820948 2828362 2979885 
2865293 2647175 2691520 2698920 2724792 2894885 
2868987 2639767 2776533 2824659 2880098 2931854 
2872691 2661979 2698920 2743266 2791326 2865293 
2876383 2669372 2743266 2772844 2898588 2931854 
2880098 2639767 2713701 2798729 2868987 2894885 
2883811 2643481 2698920 2721094 2739579 2976195 
2887512 2717392 2743266 2746992 2832053 2835747 
2891205 2684135 2698920 2724792 2728495 2798729 
2894885 2647175 2691520 2839451 2865293 2957738 
2898588 2669372 2743266 2769139 2876383 2961424 
2902311 2669372 2691520 2761738 2898588 2979885 
2906010 2658286 2665664 2673077 2717392 2765427 
2909703 2691520 2698920 2724792 2783931 2806141 
2913410 2650895 2691520 2761738 2798729 2865293 
2917100 2746992 2772844 2802454 2813555 2835747 
2920788 2628669 2761738 2824659 2865293 2931854 
2924473 2761738 2780249 2824659 2865293 2983584 
2928162 2687823 2698920 2713701 2721094 2739579 
2931854 2713701 2776533 2824659 2868987 2876383 
2935565 2643481 2724792 2761738 2865293 2909703 
2939258 2624994 2687823 2739579 2968822 2976195 
2942942 2669372 2743266 2835747 2898588 2961424 
2946649 2724792 2795028 2798729 2806141 2909703 
2950354 2639767 2787631 2795028 2820948 2835747 
2954031 2617594 2647175 2665664 2691520 2865293 
2957738 2669372 2691520 2876383 2894885 2902311 
2961424 2632371 2743266 2769139 2898588 2979885 
2965130 2669372 2710005 2728495 2743266 2772844 
2968822 2632371 2665664 2746992 2813555 2835747 
2972512 2624994 2698920 2732180 2968822 2976195 
2976195 2643481 2687823 2739579 2883811 2931854 
2979885 2691520 2769139 2798729 2861590 2961424 
2983584 2639767 2669372 2780249 2828362 2924473 
2987293 3149414 3215826 3241639 3333903 3341298 
2990995 3005700 3189990 3322838 3333903 3341298 
2994659 3005700 3046217 3134650 3138337 3333903 
2998355 3038844 3060976 3101534 3256384 3341298 
3002031 2994659 3060976 3123596 3142034 3319136 
3005700 3060976 3186269 3256384 3274893 3289638 
3009387 3060976 3064674 3123596 3138337 3256384 
3013070 2994659 3046217 3226886 3333903 3352382 
3016763 3138337 3186269 3189990 3215826 3333903 
3020447 3053594 3079459 3186269 3333903 3345009 
3024130 2994659 3116238 3171487 3193682 3341298 
3027823 2987293 3005700 3145701 3186269 3241639 
3031499 3005700 3145701 3182569 3208441 3341298 
3035178 3005700 3186269 3256384 3285936 3333903 
3038844 2998355 3090472 3101534 3134650 3256384 
3042524 3130959 3149414 3189990 3256384 3341298 
3046217 3138337 3186269 3215826 3256384 3333903 
3049906 3005700 3204756 3212142 3289638 3315447 
3053594 3005700 3060976 3186269 3241639 3333903 
3057293 3024130 3237949 3311768 3319136 3330208 
3060976 3005700 3186269 3241639 3256384 3333903 
3064674 3009387 3108870 3145701 3193682 3256384 
3068379 3075759 3138337 3256384 3333903 3341298 
3072066 3060976 3186269 3215826 3241639 3333903 
3075759 3123596 3156772 3167819 3189990 3341298 
3079459 3005700 3145701 3186269 3289638 3345009 
3083143 3005700 3020447 3079459 3260110 3333903 
3086822 2994659 3002031 3013070 3208441 3326521 
3090472 3101534 3130959 3204756 3215826 3333903 
3094148 3075759 3123596 3249044 3263814 3326521 
3097835 3046217 3138337 3189990 3193682 3274893 
3101534 3127289 3134650 3186269 3256384 3260110 
3105205 3005700 3119920 3215826 3271191 3311768 
3108870 3064674 3193682 3226886 3333903 3341298 
3112548 3208441 3256384 3274893 3319136 3341298 
3116238 3134650 3138337 3160457 3189990 3341298 
3119920 2987293 3130959 3149414 3208441 3333903 
3123596 3075759 3145701 3156772 3189990 3234260 
3127289 3079459 3101534 3145701 3186269 3189990 
3130959 3005700 3186269 3204756 3215826 3333903 
3134650 2994659 3060976 3116238 3138337 3341298 
3138337 3009387 3134650 3245345 3333903 3341298 
3142034 3097835 3186269 3249044 3263814 3319136 
3145701 3079459 3186269 3215826 3256384 3274893 
3149414 2987293 2994659 3072066 3241639 3333903 
3153101 3005700 3046217 3256384 3278589 3341298 
3156772 3075759 3123596 3145701 3186269 3189990 
3160457 3116238 3123596 3138337 3186269 3189990 
3164143 3138337 3145701 3189990 3274893 3345009 
3167819 3171487 3197366 3208441 3249044 3341298 
3171487 2994659 3167819 3189990 3208441 3256384 
3175193 3046217 3208441 3256384 3274893 3341298 
3178890 3075759 3094148 3167819 3326521 3341298 
3182569 3138337 3171487 3186269 3241639 3333903 
3186269 3079459 3145701 3215826 3274893 3333903 
3189990 3138337 3145701 3160457 3186269 3341298 
3193682 3145701 3186269 3256384 3274893 3345009 
3197366 3167819 3171487 3189990 3249044 3341298 
3201072 2987293 3072066 3149414 3171487 3241639 
3204756 3005700 3130959 3186269 3212142 3289638 
3208441 3005700 3167819 3171487 3189990 3341298 
3212142 2994659 3005700 3049906 3204756 3289638 
3215826 3046217 3145701 3186269 3256384 3333903 
3219522 2987293 3186269 3256384 3333903 3341298 
3223203 3060976 3197366 3237949 3256384 3333903 
3226886 3013070 3064674 3108870 3186269 3333903 
3230589 3138337 3156772 3171487 3249044 3256384 
3234260 2994659 3064674 3123596 3145701 3226886 
3237949 3024130 3057293 3197366 3319136 3341298 
3241639 2987293 3005700 3053594 3060976 3333903 
3245345 3123596 3138337 3145701 3189990 3341298 
3249044 3094148 3142034 3167819 3197366 3263814 
3252733 3024130 3145701 3186269 3215826 3333903 
3256384 3005700 3145701 3193682 3215826 3345009 
3260110 3005700 3060976 3101534 3186269 3189990 
3263814 3094148 3145701 3186269 3249044 3326521 
3267506 3016763 3072066 3138337 3171487 3208441 
3271191 3075759 3097835 3171487 3274893 3341298 
3274893 3005700 3145701 3186269 3256384 3345009 
3278589 2987293 3027823 3101534 3197366 3285936 
3282273 3009387 3094148 3123596 3142034 3208441 
3285936 3145701 3186269 3256384 3289638 3333903 
3289638 3005700 3079459 3186269 3204756 3256384 
3293333 3064674 3256384 3263814 3274893 3326521 
3297015 2994659 3064674 3072066 3193682 3256384 
3300710 3149414 3241639 3285936 3315447 3333903 
3304384 3138337 3171487 3186269 3256384 3333903 
3308075 3145701 3186269 3189990 3256384 3341298 
3311768 3138337 3189990 3208441 3249044 3333903 
3315447 3215826 3241639 3256384 3300710 3333903 
3319136 3057293 3060976 3142034 3171487 3341298 
3322838 3116238 3186269 3208441 3319136 3341298 
3326521 3094148 3108870 3178890 3263814 3341298 
3330208 3057293 3094148 3138337 3197366 3215826 
3333903 3060976 3072066 3138337 3186269 3241639 
3337609 3013070 3072066 3215826 3333903 3341298 
3341298 3005700 3134650 3186269 3189990 3256384 
3345009 3079459 3145701 3186269 3256384 3274893 
3348705 3064674 3138337 3145701 3186269 3197366 
3352382 2994659 3005700 3013070 3130959 3289638 
3356063 3145701 3149414 3193682 3234260 3256384 
3359759 3396728 3444826 3470678 3529849 3685224 
3363456 3455890 3544627 3574267 3644585 3699946 
3367146 3455890 3478097 3522436 3574267 3699946 
3370843 3396728 3474391 3526138 3529849 3552031 
3374528 3404120 3474391 3492885 3526138 3577978 
3378225 3367146 3426306 3444826 3577978 3592810 
3381917 3411517 3430002 3492885 3611312 3651984 
3385624 3455890 3529849 3570562 3600203 3714752 
3389324 3385624 3433707 3570562 3585397 3589099 
3393032 3385624 3489201 3563161 3600203 3699946 
3396728 3359759 3470678 3474391 3529849 3537238 
3400438 3385624 3577978 3659347 3696251 3714752 
3404120 3374528 3430002 3492885 3589099 3637194 
3407819 3481796 3640889 3685224 3699946 3722133 
3411517 3381917 3385624 3441129 3544627 3603910 
3415229 3363456 3574267 3644585 3659347 3714752 
3418919 3385624 3430002 3437410 3537238 3577978 
3422613 3385624 3441129 3455890 3600203 3651984 
3426306 3396728 3441129 3444826 3600203 3603910 
3430002 3404120 3470678 3492885 3529849 3589099 
3433707 3385624 3389324 3481796 3574267 3585397 
3437410 3418919 3481796 3492885 3526138 3577978 
3441129 3385624 3426306 3444826 3485492 3685224 
3444826 3441129 3529849 3600203 3651984 3696251 
3448536 3378225 3385624 3577978 3633513 3714752 
3452220 3448536 3500258 3618707 3633513 3655669 
3455890 3385624 3522436 3570562 3596512 3699946 
3459588 3385624 3396728 3426306 3600203 3633513 
3463270 3385624 3433707 3481796 3603910 3714752 
3466964 3396728 3437410 3470678 3603910 3685224 
3470678 3359759 3396728 3430002 3466964 3529849 
3474391 3396728 3515063 3526138 3548322 3603910 
3478097 3367146 3574267 3585397 3696251 3699946 
3481796 3511361 3526138 3552031 3577978 3640889 
3485492 3396728 3441129 3470678 3474391 3529849 
3489201 3393032 3563161 3651984 3699946 3729507 
3492885 3430002 3437410 3526138 3563161 3589099 
3496585 3452220 3455890 3600203 3611312 3707347 
3500258 3552031 3574267 3618707 3629817 3681510 
3503960 3396728 3430002 3470678 3492885 3511361 
3507664 3385624 3389324 3570562 3600203 3681510 
3511361 3404120 3430002 3470678 3481796 3492885 
3515063 3474391 3526138 3552031 3603910 3670440 
3518768 3370843 3385624 3570562 3629817 3714752 
3522436 3367146 3455890 3570562 3574267 3699946 
3526138 3374528 3474391 3552031 3577978 3670440 
3529849 3385624 3396728 3430002 3470678 3485492 
3533548 3407819 3552031 3603910 3626115 3670440 
3537238 3396728 3418919 3430002 3437410 3470678 
3540930 3426306 3444826 3633513 3655669 3707347 
3544627 3411517 3455890 3696251 3699946 3714752 
3548322 3474391 3515063 3526138 3603910 3677809 
3552031 3481796 3515063 3526138 3577978 3670440 
3555744 3359759 3559457 3615005 3622402 3677809 
3559457 3396728 3492885 3555744 3563161 3603910 
3563161 3396728 3492885 3589099 3600203 3637194 
3566862 3381917 3385624 3430002 3603910 3651984 
3570562 3385624 3389324 3455890 3699946 3714752 
3574267 3455890 3552031 3696251 3699946 3714752 
3577978 3374528 3437410 3481796 3526138 3552031 
3581690 3374528 3526138 3574267 3648277 3670440 
3585397 3389324 3433707 3478097 3574267 3644585 
3589099 3404120 3430002 3492885 3563161 3637194 
3592810 3367146 3389324 3437410 3581690 3589099 
3596512 3455890 3522436 3574267 3699946 3729507 
3600203 3385624 3426306 3444826 3563161 3589099 
3603910 3466964 3474391 3515063 3548322 3552031 
3607622 3481796 3515063 3552031 3577978 3603910 
3611312 3381917 3577978 3589099 3711046 3729507 
3615005 3466964 3548322 3555744 3603910 3677809 
3618707 3385624 3452220 3500258 3629817 3633513 
3622402 3437410 3552031 3555744 3577978 3677809 
3626115 3407819 3470678 3474391 3640889 3666740 
3629817 3359759 3500258 3518768 3552031 3714752 
3633513 3448536 3452220 3500258 3618707 3655669 
3637194 3404120 3492885 3563161 3589099 3600203 
3640889 3407819 3470678 3481796 3552031 3626115 
3644585 3404120 3455890 3574267 3585397 3589099 
3648277 3385624 3526138 3529849 3574267 3696251 
3651984 3430002 3444826 3489201 3600203 3696251 
3655669 3452220 3540930 3618707 3633513 3688913 
3659347 3385624 3400438 3574267 3696251 3714752 
3663048 3433707 3503960 3522436 3574267 3696251 
3666740 3474391 3515063 3548322 3603910 3626115 
3670440 3474391 3515063 3526138 3552031 3603910 
3674134 3407819 3481796 3526138 3640889 3659347 
3677809 3470678 3548322 3555744 3615005 3622402 
3681510 3500258 3526138 3574267 3651984 3714752 
3685224 3437410 3441129 3466964 3470678 3577978 
3688913 3363456 3496585 3633513 3655669 3696251 
3692577 3404120 3426306 3589099 3600203 3637194 
