6953 472182 1127518 1183041 1285451 1702002 
8685 14106 532893 991961 1502939 1522967 
10673 71396 388336 1193916 1267553 1783039 
12365 96198 148742 216247 303534 312344 
14106 8685 532893 991961 1440693 1502939 
16134 132483 371597 1365958 1440693 1620184 
17945 40090 60459 92685 94458 98068 
19707 356689 844800 1132890 1661081 1685294 
21552 835517 841026 1219306 1224647 1698305 
23405 32675 700208 1149307 1338044 1530138 
25285 325315 455554 623369 828294 973332 
27258 56830 58620 64112 67728 103416 
29090 147079 782684 1002728 1076209 1321991 
30781 19707 356689 844800 1132890 1623853 
32675 125190 256130 336564 616123 1336274 
34588 114345 180951 250855 283438 520094 
36253 667393 756705 851938 1665000 1666846 
38197 745615 1111005 1243726 1466142 1648004 
40090 17945 60459 92685 94458 98068 
41804 186454 747473 1048754 1367749 1825425 
43789 536710 859389 953221 1398726 1559502 
45622 141680 779097 1151165 1167629 1718775 
47477 808165 1232012 1528276 1679616 1766384 
49325 203117 363967 503383 1424391 1716880 
51326 69564 87291 107175 177278 707431 
53169 671046 795170 940074 1046856 1283664 
55010 868148 930489 1074354 1537553 1651769 
56830 27258 58620 64112 67728 103416 
58620 27258 56830 64112 67728 103416 
60459 17945 40090 92685 94458 98068 
62282 197598 590059 837422 1202750 1310516 
64112 27258 56830 58620 67728 103416 
65879 267014 270526 276067 1059824 1143814 
67728 27258 56830 58620 64112 103416 
69564 51326 87291 107175 177278 707431 
71396 388336 619850 738424 1303542 1783039 
73085 170169 367783 901202 1041430 1351280 
74895 101715 1101845 1201060 1308732 1541405 
76597 150548 415266 786240 891918 1087211 
78300 243378 512752 734693 910174 1019267 
80089 440594 573395 842895 919220 1181237 
81883 221702 261515 716711 971642 1739098 
83597 78300 512752 672932 910174 1019267 
85418 381025 1019267 1217485 1294538 1490134 
87291 51326 69564 107175 177278 707431 
89088 171979 736523 824660 1700126 1836484 
90910 288829 795170 940074 1046856 1354983 
92685 17945 40090 60459 94458 98068 
94458 17945 40090 60459 92685 98068 
96198 148742 216247 303534 341918 399170 
98068 17945 40090 60459 92685 94458 
99770 201275 310539 941946 1557669 1825425 
101715 74895 1101845 1201060 1308732 1541405 
103416 27258 56830 58620 64112 67728 
105246 285201 771821 925068 1347506 1506650 
107175 51326 69564 87291 177278 707431 
108882 87291 107175 177278 1061700 1222857 
110680 433476 468461 592010 886464 1786544 
112547 27258 56830 58620 64112 67728 
114345 34588 180951 877452 1258703 1389387 
116029 354858 473866 546011 1011861 1576325 
117795 520094 632502 685737 1321991 1519519 
119543 152265 268793 274139 281599 301693 
121414 184567 277923 692893 936184 1025147 
123308 582569 691064 1096218 1422534 1539391 
125190 256130 265263 525405 866406 1336274 
126974 83597 553254 705637 775457 1598070 
128802 245224 555082 1325466 1554022 1720684 
130759 410032 415266 740124 786240 1087211 
132483 16134 371597 494175 1365958 1775591 
134236 90910 288829 426166 1605460 1823584 
136079 27258 56830 58620 64112 67728 
137808 296103 521798 650634 868148 1312357 
139733 190269 442417 857474 964125 1004416 
141680 305333 586314 1050690 1151165 1455010 
143497 96198 148742 216247 303534 341918 
145259 17945 40090 60459 92685 94458 
147079 1076209 1258703 1389387 1526553 1592789 
148742 96198 216247 303534 341918 399170 
150548 76597 415266 786240 891918 1087211 
152265 119543 268793 274139 281599 301693 
154026 672932 698331 1019267 1590978 1772069 
155880 397191 496014 947669 1644397 1816283 
157717 27258 56830 58620 64112 67728 
159499 899270 934354 1054248 1444334 1758859 
161258 27258 56830 58620 64112 67728 
162989 27258 56830 58620 64112 67728 
164805 318085 984330 1675967 1720684 1816283 
166594 27258 56830 58620 64112 67728 
168379 669265 682114 773741 1449662 1821667 
170169 308778 580774 1041430 1341810 1426232 
171979 89088 736523 824660 1663103 1700126 
173822 821110 997276 1637045 1749757 1838306 
175539 628850 773741 1074354 1447858 1809093 
177278 51326 69564 87291 107175 707431 
179116 27258 56830 58620 64112 67728 
180951 114345 283438 877452 1258703 1389387 
182634 482865 501613 934354 945718 1831022 
184567 121414 277923 692893 936184 1025147 
186454 41804 747473 1048754 1367749 1655472 
188430 27258 56830 58620 64112 67728 
190269 139733 331017 531108 797113 1147427 
192141 17945 40090 60459 92685 94458 
193962 17945 40090 60459 92685 94458 
195695 87291 107175 177278 732835 871910 
197598 536710 1202750 1468125 1559502 1614591 
199474 365857 943835 1398726 1559502 1715095 
201275 99770 223430 1387548 1557669 1825425 
203117 358422 503383 505337 1017396 1424391 
205080 298082 375279 1213955 1276442 1646266 
206913 203117 363967 503383 1522967 1599816 
208993 272277 349309 373477 869980 1347506 
210803 544260 1164100 1323677 1703773 1831022 
212604 27258 56830 58620 64112 67728 
214369 999084 1154717 1488196 1638895 1770049 
216247 96198 148742 303534 341918 399170 
218065 17945 40090 60459 92685 94458 
219908 17945 40090 60459 92685 94458 
221702 81883 261515 716711 1267553 1739098 
223430 310539 549554 835517 841026 1557669 
225231 17945 40090 60459 92685 94458 
227011 27258 56830 58620 64112 67728 
228894 538491 734693 1059824 1143814 1195608 
230715 332825 427978 682114 1755219 1821667 
232491 117795 472182 632502 1183041 1519519 
234276 345532 450065 646970 926907 1290918 
236104 17945 40090 60459 92685 94458 
237869 89088 1112818 1260398 1475508 1700126 
239683 119543 152265 268793 274139 281599 
241517 635966 745615 1466142 1648004 1690697 
243378 78300 512752 734693 822837 910174 
245224 128802 555082 932362 1325466 1554022 
247122 17945 40090 60459 92685 94458 
249031 298082 669265 815377 1422534 1475508 
250855 283438 862978 912067 1094446 1307006 
252624 43789 199474 365857 1407650 1715095 
254368 17945 40090 60459 92685 94458 
256130 32675 125190 336564 393596 866406 
257906 17945 40090 60459 92685 94458 
259733 23405 256130 336564 700208 1530138 
261515 81883 221702 716711 1267553 1739098 
263252 277923 362115 692893 743614 1638895 
265263 125190 525405 866406 1032501 1336274 
267014 96198 148742 216247 303534 341918 
268793 119543 152265 274139 281599 301693 
270526 65879 276067 1059824 1143814 1195608 
272277 349309 373477 869980 1111005 1770049 
274139 119543 152265 268793 281599 301693 
276067 65879 267014 270526 1059824 1289160 
277923 121414 184567 692893 936184 1025147 
279819 417024 525405 866406 1299938 1733583 
281599 119543 152265 268793 274139 301693 
283438 114345 180951 250855 877452 912067 
285201 105246 540536 771821 925068 1347506 
287034 329134 408126 758624 956839 1818176 
288829 90910 940074 1320019 1426232 1605460 
290735 17945 40090 60459 92685 94458 
292505 241517 635966 802635 1405844 1690697 
294372 27258 56830 58620 64112 67728 
296103 137808 521798 650634 868148 1312357 
298082 669265 980526 1260398 1276442 1380218 
299911 27258 56830 58620 64112 67728 
301693 119543 152265 268793 274139 281599 
303534 96198 148742 216247 341918 399170 
305333 141680 400974 1050690 1455010 1814538 
307034 27258 56830 58620 64112 67728 
308778 170169 580774 1041430 1341810 1426232 
310539 21552 223430 835517 841026 941946 
312344 12365 148742 216247 303534 775457 
314206 436933 486573 1030581 1679616 1744366 
316185 96198 148742 216247 303534 341918 
318085 164805 984330 1675967 1720684 1816283 
319911 17945 40090 60459 92685 94458 
321707 17945 40090 60459 92685 94458 
323461 119543 152265 268793 274139 281599 
325315 25285 455554 623369 828294 973332 
327103 128802 245224 555082 768055 932362 
329134 588169 784342 1298090 1497420 1818176 
331017 531108 551411 797113 1147427 1256901 
332825 230715 427978 682114 1755219 1821667 
334780 27258 56830 58620 64112 67728 
336564 23405 32675 256130 259733 1336274 
338364 76597 520094 884761 962406 1094446 
340051 121414 184567 277923 692893 936184 
341918 96198 148742 216247 303534 399170 
343761 461186 702130 995588 1265846 1371382 
345532 21552 637893 835517 841026 1698305 
347364 27258 56830 58620 64112 67728 
349309 373477 802635 869980 1405844 1436962 
351246 55010 424269 868148 1160427 1537553 
353120 51326 69564 87291 107175 177278 
354858 71396 619850 738424 1303542 1576325 
356689 19707 844800 1132890 1661081 1685294 
358422 203117 464757 503383 1424391 1629423 
360271 249031 815377 1112818 1411207 1422534 
362115 121414 184567 277923 692893 936184 
363967 49325 206913 1360495 1522967 1716880 
365857 43789 953221 1398726 1559502 1715095 
367783 73085 901202 1098088 1283664 1351280 
369732 656304 853831 1414956 1548554 1753394 
371597 16134 132483 494175 1365958 1775591 
373477 272277 349309 869980 1111005 1506650 
375279 730938 1118464 1213955 1260398 1276442 
377144 184567 277923 340051 692893 743614 
379120 1245588 1347506 1488196 1506650 1629423 
381025 85418 1197488 1217485 1294538 1490134 
382834 17945 40090 60459 92685 94458 
384638 36253 756705 1345544 1665000 1805136 
386534 17945 40090 60459 92685 94458 
388336 71396 619850 1267553 1303542 1783039 
390049 27258 56830 58620 64112 67728 
391841 27258 56830 58620 64112 67728 
393596 256130 417024 866406 1733583 1764592 
395380 27258 56830 58620 64112 67728 
397191 164805 555082 984330 1612766 1720684 
399170 96198 148742 216247 303534 341918 
400974 305333 639723 1531944 1609137 1814538 
402721 45622 779097 1151165 1167629 1718775 
404553 119543 152265 239683 268793 274139 
406296 170169 308778 580774 1070717 1426232 
408126 197598 287034 943835 1202750 1468125 
410032 76597 130759 415266 740124 786240 
411747 1138362 1458538 1578065 1644397 1816283 
413527 17945 40090 60459 92685 94458 
415266 76597 150548 740124 786240 1087211 
417024 125190 279819 393596 866406 1733583 
418817 17945 40090 60459 92685 94458 
420625 628850 751296 1442549 1581759 1731663 
422447 134236 426166 429853 1413122 1823584 
424269 521798 650634 868148 930489 1449662 
426166 134236 429853 584394 1413122 1823584 
427978 230715 332825 521798 682114 1755219 
429853 426166 584394 1140143 1413122 1823584 
431700 47477 566198 988151 1495569 1805136 
433476 110680 592010 886464 1123807 1762739 
435203 69564 87291 107175 177278 1579882 
436933 656304 853831 882875 1744366 1753394 
438707 17945 40090 60459 92685 94458 
440594 67728 80089 573395 919220 1181237 
442417 139733 531108 964125 1004416 1533785 
444377 134236 426166 429853 1316224 1823584 
446375 436933 656304 819169 882875 1568815 
448279 17945 40090 60459 92685 94458 
450065 345532 646970 800799 1290918 1367749 
451859 119543 152265 268793 274139 281599 
453606 197598 536710 859389 953221 1559502 
455554 25285 325315 623369 828294 973332 
457363 331017 531108 683946 1256901 1657409 
459168 16134 516469 527196 540536 925068 
461186 343761 702130 995588 1265846 1371382 
462910 96198 148742 216247 303534 341918 
464757 358422 1017396 1154717 1424391 1629423 
466609 773741 815377 1013672 1096218 1447858 
468461 308778 580774 886464 1041430 1426232 
470434 17945 40090 60459 92685 94458 
472182 117795 232491 632502 1127518 1183041 
473866 546011 685737 975175 1374854 1429868 
475548 76597 410032 884761 962406 1094446 
477299 78300 512752 608714 822837 910174 
479181 17945 40090 60459 92685 94458 
480980 377144 503383 604898 676649 1599816 
482865 182634 501613 879152 945718 1831022 
484762 27258 56830 58620 64112 67728 
486573 314206 945718 1030581 1057874 1394863 
488482 214369 1023099 1243726 1535599 1795743 
490406 917402 1085430 1262181 1431561 1546766 
492259 171979 736523 1050690 1287244 1455010 
494175 132483 371597 1365958 1620184 1775591 
496014 155880 411747 536710 729088 1644397 
497900 27258 56830 58620 64112 67728 
499719 171979 237869 736523 1566906 1700126 
501613 182634 482865 879152 945718 1831022 
503383 203117 358422 1017396 1424391 1599816 
505337 203117 464757 503383 1017396 1424391 
507214 17945 40090 60459 92685 94458 
509021 139733 577140 652495 1067072 1460455 
510899 527196 529061 659958 802635 925068 
512752 78300 243378 734693 910174 1019267 
514638 36253 667393 756705 1666846 1729704 
516469 132483 527196 540536 925068 1365958 
518327 27258 56830 58620 64112 67728 
520094 34588 114345 117795 250855 1519519 
521798 137808 296103 424269 650634 1449662 
523634 27258 56830 58620 64112 67728 
525405 125190 265263 279819 866406 1032501 
527196 16134 285201 540536 771821 925068 
529061 510899 532893 659958 925068 1440693 
531108 182634 442417 482865 1105420 1147427 
532893 14106 991961 1360495 1440693 1502939 
534908 582569 691064 1221065 1422534 1464316 
536710 43789 729088 953221 1398726 1559502 
538491 228894 270526 734693 1059824 1195608 
540536 285201 527196 771821 925068 1506650 
542404 17945 40090 60459 92685 94458 
544260 210803 846615 1061700 1222857 1323677 
546011 388336 473866 619850 975175 1429868 
547700 27258 56830 58620 64112 67728 
549554 223430 310539 556907 1262181 1557669 
551411 331017 1147427 1256901 1616533 1758859 
553254 126974 705637 997276 1598070 1838306 
555082 397191 768055 932362 984330 1720684 
556907 119543 152265 268793 274139 281599 
558793 369732 656304 819169 897336 1414956 
560717 27258 56830 58620 64112 67728 
562507 17945 40090 60459 92685 94458 
564332 27258 56830 58620 64112 67728 
566198 431700 514638 756705 1510352 1805136 
568082 27258 56830 58620 64112 67728 
569811 17945 40090 60459 92685 94458 
571557 96198 148742 216247 303534 341918 
573395 67728 80089 440594 842895 919220 
575217 23405 32675 616123 1149307 1234041 
577140 509021 652495 1067072 1460455 1533785 
579025 17945 40090 60459 92685 94458 
580774 170169 308778 1341810 1426232 1561426 
582569 534908 691064 1221065 1442549 1464316 
584394 426166 727311 1032501 1070717 1140143 
586314 141680 492259 1151165 1287244 1455010 
588169 329134 784342 1158478 1173528 1497420 
590059 62282 837422 1202750 1310516 1468125 
592010 110680 433476 886464 1098088 1123807 
593926 17945 40090 60459 92685 94458 
595680 49325 494175 1360495 1629423 1716880 
597559 27258 56830 58620 64112 67728 
599427 652495 882875 1004416 1067072 1807128 
601297 17945 40090 60459 92685 94458 
603080 27258 56830 58620 64112 67728 
604898 340051 377144 480980 676649 1017396 
606926 119543 152265 268793 274139 281599 
608714 173822 821110 1521232 1637045 1749757 
610571 186454 646970 1109230 1290918 1655472 
612414 758624 943835 956839 1298090 1781056 
614331 1197488 1217485 1294538 1490134 1544969 
616123 23405 32675 336564 1336274 1338044 
617982 592010 723649 1098088 1283664 1594479 
619850 71396 388336 546011 1303542 1783039 
621565 17945 40090 60459 92685 94458 
623369 25285 325315 455554 828294 973332 
625250 27258 56830 58620 64112 67728 
627084 17945 40090 60459 92685 94458 
628850 175539 420625 1088879 1442549 1809093 
630571 819169 897336 1499204 1568815 1797793 
632502 117795 472182 1183041 1321991 1519519 
634184 17945 40090 60459 92685 94458 
635966 241517 292505 745615 1462385 1690697 
637893 21552 345532 800799 1356861 1698305 
639723 400974 824660 1531944 1609137 1814538 
641474 1199303 1224647 1262181 1373097 1546766 
643302 674783 846615 851938 1030581 1729704 
645101 27258 56830 58620 64112 67728 
646970 450065 718409 800799 1290918 1367749 
648900 96198 148742 216247 303534 341918 
650634 137808 424269 521798 1312357 1449662 
652495 509021 577140 599427 1067072 1460455 
654379 369732 436933 882875 1744366 1753394 
656304 436933 819169 853831 1744366 1753394 
658141 27258 56830 58620 64112 67728 
659958 285201 510899 529061 802635 925068 
661924 17945 40090 60459 92685 94458 
663813 17945 40090 60459 92685 94458 
665630 431700 762470 988151 1495569 1805136 
667393 36253 435203 756705 851938 1666846 
669265 205080 249031 298082 1276442 1646266 
671046 795170 940074 1046856 1354983 1561426 
672932 83597 154026 698331 913882 1772069 
674783 643302 846615 851938 1030581 1061700 
676649 203117 363967 480980 503383 1599816 
678539 274139 281599 404553 848406 1546766 
680293 27258 56830 58620 64112 67728 
682114 230715 332825 427978 1755219 1821667 
683946 331017 457363 873789 1256901 1657409 
685737 117795 473866 975175 1374854 1429868 
687394 27258 56830 58620 64112 67728 
689157 241517 1023099 1466142 1648004 1690697 
691064 420625 534908 582569 1221065 1442549 
692893 121414 184567 277923 936184 1025147 
694815 96198 148742 216247 303534 341918 
696531 329134 784342 1298090 1407650 1818176 
698331 78300 154026 913882 1590978 1772069 
700208 23405 990035 1480868 1530138 1764592 
702130 343761 461186 995588 1265846 1371382 
703876 119543 152265 268793 274139 281599 
705637 126974 553254 997276 1598070 1838306 
707431 51326 69564 87291 107175 177278 
709273 27258 56830 58620 64112 67728 
711139 967877 1199303 1224647 1301648 1373097 
713006 17945 40090 60459 92685 94458 
714818 19707 356689 844800 1132890 1661081 
716711 81883 261515 782684 971642 1739098 
718409 450065 646970 1026927 1048754 1367749 
720184 216247 303534 316185 1037844 1653667 
721895 119543 152265 268793 274139 281599 
723649 617982 901202 1098088 1283664 1594479 
725548 17945 40090 60459 92685 94458 
727311 525405 584394 1032501 1070717 1140143 
729088 536710 1125600 1398726 1559502 1790252 
730938 375279 1118464 1213955 1276442 1610935 
732835 51326 69564 87291 107175 177278 
734693 228894 512752 538491 910174 1195608 
736523 89088 171979 824660 1663103 1700126 
738424 71396 619850 1267553 1303542 1783039 
740124 76597 415266 786240 891918 1087211 
741823 96198 148742 216247 303534 341918 
743614 121414 184567 277923 362115 692893 
745615 38197 241517 1466142 1648004 1690697 
747473 41804 186454 982388 1048754 1655472 
749412 536710 729088 1254864 1398726 1614591 
751296 420625 691064 1442549 1581759 1809093 
753088 17945 40090 60459 92685 94458 
754871 734693 830116 910174 913882 1772069 
756705 36253 435203 667393 1579882 1666846 
758624 287034 612414 943835 956839 1781056 
760489 362115 743614 798922 1023099 1535599 
762470 47477 431700 665630 1495569 1805136 
764349 711139 967877 1000950 1301648 1362283 
766230 96198 148742 216247 303534 341918 
768055 397191 555082 932362 1612766 1631279 
769984 19707 356689 714818 844800 1132890 
771821 285201 527196 540536 925068 1347506 
773741 175539 1442549 1447858 1581759 1809093 
775457 96198 148742 216247 303534 341918 
777275 397191 768055 947669 1578065 1631279 
779097 45622 402721 1151165 1167629 1718775 
780915 96198 148742 216247 303534 341918 
782684 716711 915711 971642 1002728 1404123 
784342 329134 588169 947669 1298090 1497420 
786240 76597 415266 740124 891918 1087211 
787953 119543 152265 268793 274139 281599 
789738 173822 888255 997276 1637045 1749757 
791580 27258 56830 58620 64112 67728 
793301 720184 821110 1037844 1521232 1749757 
795170 671046 940074 1046856 1354983 1561426 
797113 331017 531108 1147427 1670466 1705760 
798922 263252 362115 743614 1023099 1535599 
800799 345532 450065 637893 646970 1290918 
802635 285201 292505 349309 540536 1405844 
804537 17945 40090 60459 92685 94458 
806341 27258 56830 58620 64112 67728 
808165 47477 988151 1232012 1528276 1766384 
810059 27258 56830 58620 64112 67728 
811807 947669 1158478 1241790 1254864 1578065 
813622 27258 56830 58620 64112 67728 
815377 249031 360271 1013672 1096218 1422534 
817237 281599 549554 556907 1508566 1557669 
819169 630571 656304 897336 1499204 1568815 
821110 173822 608714 1521232 1637045 1749757 
822837 243378 477299 512752 734693 910174 
824660 639723 1531944 1609137 1663103 1836484 
826507 96198 148742 216247 303534 341918 
828294 25285 325315 455554 623369 973332 
830116 754871 1009972 1195608 1239876 1622044 
831931 74895 130759 740124 1201060 1524855 
833667 17945 40090 60459 92685 94458 
835517 21552 223430 310539 841026 1698305 
837422 62282 197598 590059 1202750 1310516 
839253 27258 56830 58620 64112 67728 
841026 21552 223430 310539 835517 1698305 
842895 67728 80089 440594 573395 919220 
844800 19707 356689 1132890 1661081 1685294 
846615 643302 674783 1061700 1222857 1666846 
848406 281599 404553 678539 993807 1546766 
850160 411747 947669 1138362 1631279 1644397 
851938 36253 667393 674783 756705 1666846 
853831 436933 656304 1744366 1753394 1797793 
855604 17945 40090 60459 92685 94458 
857474 139733 964125 1067072 1396727 1807128 
859389 43789 536710 953221 1398726 1559502 
861217 96198 148742 216247 303534 341918 
862978 250855 520094 1296395 1307006 1376536 
864655 27258 56830 58620 64112 67728 
866406 125190 265263 279819 393596 417024 
868148 55010 424269 930489 1160427 1537553 
869980 349309 373477 1077961 1347506 1405844 
871910 195695 630571 732835 1345544 1797793 
873789 431700 566198 762470 1495569 1510352 
875546 27258 56830 58620 64112 67728 
877452 114345 180951 283438 1258703 1389387 
879152 182634 482865 501613 934354 1831022 
881124 17945 40090 60459 92685 94458 
882875 436933 988151 1232012 1744366 1807128 
884761 338364 475548 962406 1094446 1724300 
886464 110680 433476 1123807 1762739 1786544 
888255 173822 789738 821110 1637045 1749757 
890063 27258 56830 58620 64112 67728 
891918 76597 415266 740124 786240 1087211 
893622 287034 612414 696531 956839 1298090 
895489 16134 203117 206913 363967 1716880 
897336 630571 819169 949522 1499204 1568815 
899270 47477 808165 1444334 1679616 1766384 
901202 73085 367783 1283664 1351280 1762739 
902999 96198 148742 216247 303534 341918 
904852 461186 995588 1265846 1296395 1371382 
906547 288829 1100002 1320019 1435148 1605460 
908423 17945 40090 60459 92685 94458 
910174 78300 243378 512752 734693 1019267 
912067 250855 283438 877452 1094446 1389387 
913882 512752 698331 754871 910174 1772069 
915711 101715 716711 782684 971642 1541405 
917402 404553 490406 1085430 1431561 1546766 
919220 64112 67728 80089 573395 842895 
921208 1112818 1118464 1411207 1539391 1610935 
923270 27258 56830 58620 64112 67728 
925068 105246 285201 527196 540536 771821 
926907 223430 835517 841026 848406 1290918 
928689 17945 40090 60459 92685 94458 
930489 55010 424269 868148 1074354 1537553 
932362 397191 555082 768055 984330 1720684 
934354 159499 879152 899270 1444334 1766384 
936184 121414 184567 277923 692893 1025147 
938280 17945 40090 60459 92685 94458 
940074 671046 795170 1046856 1354983 1561426 
941946 223430 310539 841026 1224647 1557669 
943835 199474 408126 612414 758624 956839 
945718 182634 482865 501613 879152 1831022 
947669 1578065 1612766 1631279 1644397 1816283 
949522 630571 897336 1171578 1548554 1568815 
951460 1039634 1653667 1674210 1742626 1747988 
953221 43789 536710 859389 1398726 1559502 
955062 119543 152265 268793 274139 281599 
956839 287034 612414 758624 943835 1298090 
958684 27258 56830 58620 64112 67728 
960578 17945 40090 60459 92685 94458 
962406 76597 338364 475548 884761 1094446 
964125 442417 899270 1004416 1105420 1533785 
965968 143497 228894 775457 1143814 1195608 
967877 711139 1224647 1301648 1362283 1373097 
969734 119543 152265 268793 274139 281599 
971642 81883 261515 716711 782684 915711 
973332 25285 325315 455554 623369 828294 
975175 473866 685737 1193916 1374854 1429868 
976829 96198 148742 216247 303534 341918 
978635 1039634 1190276 1278259 1385729 1674210 
980526 298082 639723 1260398 1380218 1814538 
982388 747473 941946 967877 1048754 1655472 
984330 164805 318085 397191 555082 1720684 
986300 27258 56830 58620 64112 67728 
988151 47477 808165 1232012 1528276 1805136 
990035 700208 1116640 1480868 1530138 1764592 
991961 8685 14106 532893 1502939 1522967 
993807 274139 281599 404553 678539 1546766 
995588 461186 702130 1265846 1296395 1371382 
997276 173822 821110 1637045 1749757 1838306 
999084 214369 1154717 1488196 1638895 1770049 
1000950 490406 764349 917402 1262181 1431561 
1002728 29090 147079 782684 1076209 1321991 
1004416 442417 531108 964125 1105420 1533785 
1006328 27258 56830 58620 64112 67728 
1008163 51326 69564 87291 107175 177278 
1009972 538491 830116 1195608 1239876 1622044 
1011861 71396 354858 546011 738424 1576325 
1013672 123308 1096218 1422534 1447858 1731663 
1015582 411747 850160 1138362 1458538 1614591 
1017396 203117 464757 503383 505337 1424391 
1019267 78300 243378 512752 734693 910174 
1021249 27258 56830 58620 64112 67728 
1023099 488482 689157 798922 1243726 1535599 
1025147 121414 184567 277923 692893 936184 
1026927 641474 718409 1048754 1224647 1301648 
1028800 27258 56830 58620 64112 67728 
1030581 36253 314206 514638 851938 1729704 
1032501 265263 525405 584394 727311 1140143 
1034271 119543 152265 268793 274139 281599 
1036031 27258 56830 58620 64112 67728 
1037844 303534 316185 720184 793301 1653667 
1039634 316185 951460 1190276 1674210 1742626 
1041430 73085 170169 901202 1351280 1762739 
1043209 27258 56830 58620 64112 67728 
1045090 51326 69564 87291 107175 177278 
1046856 671046 795170 940074 1354983 1561426 
1048754 41804 718409 747473 1367749 1825425 
1050690 141680 305333 639723 1531944 1814538 
1052494 119543 152265 268793 274139 281599 
1054248 159499 899270 1103599 1444334 1758859 
1056013 17945 40090 60459 92685 94458 
1057874 182634 486573 899270 934354 1394863 
1059824 65879 270526 276067 538491 1195608 
1061700 108882 674783 846615 851938 1222857 
1063577 96198 148742 216247 303534 341918 
1065392 17945 40090 60459 92685 94458 
1067072 599427 857474 1396727 1414956 1807128 
1068949 119543 152265 268793 274139 281599 
1070717 525405 584394 727311 1032501 1561426 
1072505 17945 40090 60459 92685 94458 
1074354 55010 175539 868148 930489 1447858 
1076209 29090 147079 1002728 1526553 1592789 
1077961 214369 379120 869980 1488196 1770049 
1079938 17945 40090 60459 92685 94458 
1081747 119543 152265 268793 274139 281599 
1083543 96198 148742 216247 303534 341918 
1085430 239683 268793 274139 404553 1431561 
1087211 76597 415266 740124 786240 891918 
1088879 175539 420625 628850 1096218 1731663 
1090778 27258 56830 58620 64112 67728 
1092608 17945 40090 60459 92685 94458 
1094446 250855 338364 475548 884761 962406 
1096218 123308 1013672 1422534 1447858 1539391 
1098088 592010 617982 723649 1283664 1786544 
1100002 714818 906547 1320019 1435148 1605460 
1101845 74895 101715 1201060 1308732 1541405 
1103599 159499 1054248 1323677 1493684 1758859 
1105420 531108 899270 964125 1533785 1758859 
1107235 121414 184567 277923 692893 936184 
1109230 41804 201275 646970 1290918 1367749 
1111005 38197 272277 349309 373477 869980 
1112818 730938 1260398 1380218 1411207 1700126 
1114772 128802 245224 327103 932362 1192046 
1116640 110680 592010 990035 1098088 1420602 
1118464 375279 730938 1276442 1610935 1803332 
1120297 60459 92685 94458 1230203 1250961 
1122059 17945 40090 60459 92685 94458 
1123807 433476 886464 1473659 1762739 1786544 
1125600 536710 729088 1241790 1254864 1790252 
1127518 6953 472182 632502 1183041 1702002 
1129218 17945 40090 60459 92685 94458 
1131102 27258 56830 58620 64112 67728 
1132890 19707 356689 844800 1661081 1685294 
1134783 27258 56830 58620 64112 67728 
1136544 353120 654379 853831 1657409 1797793 
1138362 411747 850160 1015582 1458538 1644397 
1140143 265263 525405 584394 727311 1032501 
1142072 17945 40090 60459 92685 94458 
1143814 143497 228894 734693 1059824 1195608 
1145589 81883 261515 1101845 1308732 1793986 
1147427 182634 331017 501613 531108 1256901 
1149307 23405 700208 1338044 1480868 1530138 
1151165 141680 1050690 1167629 1640736 1718775 
1153022 119543 152265 268793 274139 281599 
1154717 214369 1339900 1488196 1629423 1827331 
1156703 6953 232491 472182 1183041 1285451 
1158478 588169 768055 811807 1173528 1612766 
1160427 55010 351246 424269 868148 1537553 
1162267 27258 56830 58620 64112 67728 
1164100 210803 331017 797113 1670466 1705760 
1165889 343761 1188480 1296395 1371382 1724300 
1167629 45622 779097 1151165 1640736 1718775 
1169549 241517 635966 1462385 1466142 1690697 
1171578 630571 897336 949522 1499204 1797793 
1173528 555082 588169 1158478 1497420 1818176 
1175454 371597 494175 510899 659958 1436962 
1177389 25285 325315 455554 623369 828294 
1179318 164805 318085 411747 1458538 1816283 
1181237 80089 440594 573395 842895 919220 
1183041 6953 232491 472182 632502 1127518 
1184733 51326 69564 87291 107175 177278 
1186691 51326 69564 87291 107175 177278 
1188480 1165889 1265846 1296395 1371382 1724300 
1190276 341918 978635 1278259 1385729 1674210 
1192046 128802 245224 327103 932362 1114772 
1193916 10673 619850 975175 1404123 1429868 
1195608 228894 538491 734693 1059824 1143814 
1197488 85418 614331 1217485 1294538 1490134 
1199303 641474 1219306 1224647 1262181 1373097 
1201060 74895 101715 1526553 1541405 1592789 
1202750 197598 453606 837422 1310516 1468125 
1204770 17945 40090 60459 92685 94458 
1206588 17945 40090 60459 92685 94458 
1208508 27258 56830 58620 64112 67728 
1210253 17945 40090 60459 92685 94458 
1212069 121414 184567 277923 692893 936184 
1213955 205080 375279 1276442 1646266 1836484 
1215744 27258 56830 58620 64112 67728 
1217485 85418 381025 1197488 1294538 1490134 
1219306 21552 841026 1199303 1373097 1698305 
1221065 534908 582569 691064 1442549 1464316 
1222857 87291 107175 108882 435203 1579882 
1224647 21552 641474 1301648 1373097 1698305 
1226481 17945 40090 60459 92685 94458 
1228396 316185 951460 1428032 1653667 1747988 
1230203 17945 40090 60459 92685 94458 
1232012 47477 808165 988151 1528276 1679616 
1234041 32675 265263 1032501 1140143 1413122 
1235974 292505 635966 659958 1169549 1462385 
1238029 62282 590059 1512205 1563216 1585305 
1239876 270526 276067 1059824 1289160 1622044 
1241790 947669 1254864 1578065 1644397 1790252 
1243726 214369 488482 1638895 1770049 1795743 
1245588 105246 379120 1347506 1488196 1506650 
1247372 27258 56830 58620 64112 67728 
1249110 17945 40090 60459 92685 94458 
1250961 17945 40090 60459 92685 94458 
1252975 27258 56830 58620 64112 67728 
1254864 729088 1125600 1241790 1578065 1790252 
1256901 331017 551411 1105420 1147427 1616533 
1258703 114345 180951 877452 1389387 1526553 
1260398 298082 375279 980526 1380218 1700126 
1262181 239683 404553 556907 1431561 1546766 
1264102 119543 152265 268793 274139 281599 
1265846 343761 461186 702130 995588 1371382 
1267553 10673 71396 388336 738424 1783039 
1269249 27258 56830 58620 64112 67728 
1271016 17945 40090 60459 92685 94458 
1272760 17945 40090 60459 92685 94458 
1274532 25285 325315 455554 623369 828294 
1276442 205080 375279 730938 1118464 1213955 
1278259 978635 1039634 1190276 1385729 1674210 
1280037 17945 40090 60459 92685 94458 
1281909 1199303 1219306 1262181 1373097 1698305 
1283664 367783 723649 901202 1098088 1594479 
1285451 6953 232491 1127518 1156703 1183041 
1287244 492259 824660 1050690 1455010 1609137 
1289160 65879 267014 270526 276067 1239876 
1290918 450065 646970 800799 926907 1367749 
1292739 17945 40090 60459 92685 94458 
1294538 85418 381025 1197488 1217485 1490134 
1296395 461186 904852 995588 1265846 1371382 
1298090 329134 588169 784342 1497420 1781056 
1299938 73085 279819 1041430 1351280 1733583 
1301648 641474 967877 1224647 1362283 1698305 
1303542 71396 388336 619850 738424 1783039 
1305242 17945 40090 60459 92685 94458 
1307006 250855 520094 862978 1296395 1376536 
1308732 101715 915711 1101845 1541405 1793986 
1310516 197598 837422 1202750 1468125 1614591 
1312357 137808 296103 650634 1160427 1537553 
1314310 96198 148742 216247 303534 341918 
1316224 134236 444377 906547 1605460 1823584 
1318164 25285 325315 455554 623369 828294 
1320019 288829 906547 1100002 1426232 1605460 
1321991 29090 117795 147079 1002728 1519519 
1323677 159499 544260 1103599 1493684 1758859 
1325466 164805 318085 984330 1554022 1720684 
1327306 27258 56830 58620 64112 67728 
1329097 206913 363967 503383 1017396 1570647 
1330932 27258 56830 58620 64112 67728 
1332672 343761 461186 702130 995588 1265846 
1334442 808165 988151 1528276 1679616 1766384 
1336274 32675 125190 256130 265263 336564 
1338044 23405 616123 1149307 1480868 1530138 
1339900 184567 277923 692893 936184 1827331 
1341810 170169 308778 580774 1426232 1561426 
1343679 121414 184567 277923 692893 936184 
1345544 36253 667393 756705 1665000 1666846 
1347506 105246 285201 771821 869980 1506650 
1349441 19707 356689 844800 1132890 1661081 
1351280 73085 367783 901202 1041430 1473659 
1353154 25285 325315 455554 623369 828294 
1354983 671046 795170 940074 1046856 1561426 
1356861 345532 637893 711139 800799 1301648 
1358677 17945 40090 60459 92685 94458 
1360495 206913 363967 532893 595680 1522967 
1362283 711139 764349 967877 1224647 1301648 
1364124 27258 56830 58620 64112 67728 
1365958 16134 132483 371597 1440693 1620184 
1367749 450065 646970 718409 1048754 1290918 
1369649 27258 56830 58620 64112 67728 
1371382 343761 461186 995588 1265846 1296395 
1373097 490406 641474 1199303 1224647 1262181 
1374854 473866 546011 685737 975175 1429868 
1376536 250855 632502 862978 1296395 1307006 
1378272 210803 1164100 1670466 1703773 1705760 
1380218 298082 639723 980526 1112818 1260398 
1382062 119543 152265 268793 274139 281599 
1383887 119543 152265 268793 274139 281599 
1385729 978635 1190276 1278259 1418698 1490134 
1387548 99770 201275 223430 549554 1557669 
1389387 147079 877452 1258703 1526553 1592789 
1391149 168379 332825 682114 1755219 1821667 
1393067 121414 184567 277923 692893 936184 
1394863 182634 486573 934354 1057874 1679616 
1396727 857474 882875 1067072 1414956 1807128 
1398726 43789 536710 729088 953221 1559502 
1400495 121414 184567 277923 692893 936184 
1402315 17945 40090 60459 92685 94458 
1404123 10673 29090 782684 1193916 1267553 
1405844 292505 349309 745615 802635 869980 
1407650 252624 329134 365857 784342 1715095 
1409402 119543 152265 268793 274139 281599 
1411207 1050690 1112818 1380218 1531944 1700126 
1413122 426166 429853 1140143 1234041 1823584 
1414956 369732 558793 656304 1396727 1460455 
1416849 27258 56830 58620 64112 67728 
1418698 85418 978635 1278259 1294538 1385729 
1420602 110680 592010 617982 723649 1098088 
1422534 249031 534908 691064 1096218 1539391 
1424391 203117 358422 464757 503383 1017396 
1426232 170169 308778 580774 1341810 1561426 
1428032 951460 1228396 1653667 1742626 1747988 
1429868 473866 546011 685737 975175 1374854 
1431561 239683 268793 274139 404553 1085430 
1433381 27258 56830 58620 64112 67728 
1435148 356689 714818 844800 1100002 1349441 
1436962 105246 292505 349309 869980 1405844 
1438889 119543 152265 268793 274139 281599 
1440693 16134 527196 532893 1365958 1620184 
1442549 420625 582569 691064 751296 1447858 
1444334 159499 899270 934354 1054248 1766384 
1446117 17945 40090 60459 92685 94458 
1447858 175539 420625 773741 1442549 1581759 
1449662 137808 424269 521798 650634 868148 
1451421 1118464 1221065 1475508 1610935 1803332 
1453196 27258 56830 58620 64112 67728 
1455010 305333 400974 586314 1531944 1609137 
1456809 17945 40090 60459 92685 94458 
1458538 411747 1015582 1138362 1179318 1644397 
1460455 369732 558793 656304 819169 1414956 
1462385 241517 292505 635966 1169549 1690697 
1464316 534908 582569 691064 1221065 1610935 
1466142 241517 689157 745615 1648004 1690697 
1468125 197598 453606 1202750 1310516 1614591 
1470011 80089 440594 842895 919220 1181237 
1471856 119543 152265 268793 274139 281599 
1473659 901202 1123807 1351280 1762739 1786544 
1475508 1276442 1451421 1539391 1610935 1803332 
1477301 17945 40090 60459 92685 94458 
1479010 96198 148742 216247 303534 341918 
1480868 23405 700208 1149307 1338044 1530138 
1482827 27258 56830 58620 64112 67728 
1484653 17945 40090 60459 92685 94458 
1486370 51326 69564 87291 107175 177278 
1488196 214369 379120 1154717 1245588 1629423 
1490134 148742 216247 303534 341918 1217485 
1491902 17945 40090 60459 92685 94458 
1493684 159499 1054248 1103599 1323677 1758859 
1495569 47477 431700 665630 762470 1805136 
1497420 329134 588169 784342 1298090 1818176 
1499204 630571 819169 897336 1568815 1797793 
1501136 17945 40090 60459 92685 94458 
1502939 8685 14106 532893 991961 1522967 
1504838 96198 148742 216247 303534 341918 
1506650 105246 379120 771821 1245588 1347506 
1508566 152265 268793 274139 281599 556907 
1510352 36253 435203 566198 756705 1666846 
1512205 62282 590059 1238029 1563216 1585305 
1514073 17945 40090 60459 92685 94458 
1515877 17945 40090 60459 92685 94458 
1517645 27258 56830 58620 64112 67728 
1519519 117795 520094 632502 685737 1321991 
1521232 96198 148742 216247 303534 341918 
1522967 8685 206913 363967 1360495 1570647 
1524855 74895 101715 831931 1201060 1541405 
1526553 147079 1076209 1258703 1389387 1592789 
1528276 47477 808165 988151 1679616 1766384 
1530138 23405 393596 700208 1480868 1764592 
1531944 305333 639723 824660 1050690 1814538 
1533785 442417 964125 1004416 1105420 1495569 
1535599 488482 689157 798922 1023099 1243726 
1537553 55010 351246 868148 1160427 1651769 
1539391 123308 298082 1096218 1422534 1475508 
1541405 74895 101715 1101845 1201060 1592789 
1543117 27258 56830 58620 64112 67728 
1544969 614331 1190276 1278259 1385729 1490134 
1546766 404553 678539 917402 1262181 1431561 
1548554 369732 558793 853831 897336 1797793 
1550416 17945 40090 60459 92685 94458 
1552250 17945 40090 60459 92685 94458 
1554022 128802 164805 245224 1325466 1720684 
1555786 27258 56830 58620 64112 67728 
1557669 99770 223430 310539 549554 941946 
1559502 43789 536710 953221 1398726 1614591 
1561426 580774 940074 1341810 1354983 1426232 
1563216 25285 325315 455554 623369 828294 
1565097 119543 152265 268793 274139 281599 
1566906 89088 171979 237869 492259 736523 
1568815 630571 656304 819169 897336 1499204 
1570647 363967 1329097 1360495 1522967 1716880 
1572610 27258 56830 58620 64112 67728 
1574488 17945 40090 60459 92685 94458 
1576325 354858 473866 546011 619850 1011861 
1578065 411747 947669 1241790 1644397 1790252 
1579882 69564 87291 107175 177278 435203 
1581759 420625 751296 773741 1442549 1447858 
1583572 27258 56830 58620 64112 67728 
1585305 325315 455554 623369 828294 1563216 
1587307 96198 148742 216247 303534 341918 
1589155 27258 56830 58620 64112 67728 
1590978 154026 698331 913882 1019267 1772069 
1592789 147079 1076209 1258703 1389387 1526553 
1594479 617982 901202 1123807 1283664 1786544 
1596317 25285 325315 455554 623369 828294 
1598070 96198 148742 216247 303534 341918 
1599816 203117 206913 358422 503383 1424391 
1601725 17945 40090 60459 92685 94458 
1603668 17945 40090 60459 92685 94458 
1605460 90910 288829 906547 1100002 1320019 
1607350 17945 40090 60459 92685 94458 
1609137 400974 639723 824660 1455010 1814538 
1610935 375279 730938 1118464 1276442 1803332 
1612766 397191 947669 984330 1631279 1816283 
1614591 197598 536710 729088 1398726 1559502 
1616533 551411 1054248 1103599 1493684 1758859 
1618324 17945 40090 60459 92685 94458 
1620184 16134 132483 371597 1365958 1440693 
1622044 830116 1009972 1195608 1239876 1289160 
1623853 19707 356689 844800 1132890 1661081 
1625784 17945 40090 60459 92685 94458 
1627623 17945 40090 60459 92685 94458 
1629423 358422 464757 1154717 1424391 1488196 
1631279 411747 850160 947669 1612766 1644397 
1633243 96198 148742 216247 303534 341918 
1635082 17945 40090 60459 92685 94458 
1637045 173822 608714 821110 997276 1749757 
1638895 214369 263252 362115 999084 1770049 
1640736 141680 492259 1050690 1151165 1167629 
1642648 27258 56830 58620 64112 67728 
1644397 411747 947669 1241790 1578065 1631279 
1646266 205080 375279 1213955 1276442 1836484 
1648004 38197 241517 689157 745615 1466142 
1649818 232491 250855 283438 912067 1307006 
1651769 55010 1074354 1088879 1537553 1581759 
1653667 316185 720184 951460 1037844 1747988 
1655472 186454 646970 747473 1048754 1367749 
1657409 353120 457363 683946 1136544 1533785 
1659244 17945 40090 60459 92685 94458 
1661081 19707 356689 844800 1132890 1685294 
1663103 89088 171979 736523 824660 1836484 
1665000 36253 384638 667393 756705 1345544 
1666846 36253 435203 667393 756705 1729704 
1668710 27258 56830 58620 64112 67728 
1670466 210803 331017 797113 1164100 1705760 
1672396 17945 40090 60459 92685 94458 
1674210 216247 303534 316185 1039634 1742626 
1675967 164805 318085 984330 1720684 1816283 
1677747 17945 40090 60459 92685 94458 
1679616 47477 808165 1232012 1528276 1766384 
1681501 27258 56830 58620 64112 67728 
1683361 119543 152265 268793 274139 281599 
1685294 19707 356689 844800 1132890 1661081 
1687078 96198 148742 216247 303534 341918 
1688838 25285 325315 455554 623369 828294 
1690697 241517 292505 635966 745615 1466142 
1692610 96198 148742 216247 303534 341918 
1694462 96198 148742 216247 303534 341918 
1696285 123308 1013672 1447858 1475508 1539391 
1698305 21552 841026 1219306 1224647 1301648 
1700126 89088 171979 237869 1260398 1380218 
1702002 6953 461186 702130 1127518 1183041 
1703773 210803 544260 1061700 1164100 1378272 
1705760 190269 331017 797113 1164100 1670466 
1707665 777275 811807 1158478 1298090 1781056 
1709570 96198 148742 216247 303534 341918 
1711488 119543 152265 268793 274139 281599 
1713332 17945 40090 60459 92685 94458 
1715095 199474 252624 365857 1015582 1407650 
1716880 49325 203117 206913 363967 895489 
1718775 45622 141680 779097 1151165 1167629 
1720684 164805 397191 555082 984330 1325466 
1722504 27258 56830 58620 64112 67728 
1724300 884761 1165889 1188480 1296395 1371382 
1726051 17945 40090 60459 92685 94458 
1727894 17945 40090 60459 92685 94458 
1729704 36253 514638 851938 1030581 1666846 
1731663 420625 691064 1088879 1442549 1581759 
1733583 279819 393596 417024 866406 1299938 
1735380 27258 56830 58620 64112 67728 
1737287 27258 56830 58620 64112 67728 
1739098 81883 221702 261515 716711 1267553 
1740792 121414 184567 277923 692893 936184 
1742626 316185 951460 978635 1039634 1674210 
1744366 436933 654379 656304 853831 1753394 
1746238 119543 152265 268793 274139 281599 
1747988 316185 720184 951460 1653667 1674210 
1749757 173822 821110 997276 1637045 1838306 
1751583 27258 56830 58620 64112 67728 
1753394 436933 654379 656304 853831 1744366 
1755219 230715 332825 682114 1391149 1821667 
1757106 17945 40090 60459 92685 94458 
1758859 159499 1054248 1103599 1444334 1616533 
1760766 25285 325315 455554 623369 828294 
1762739 886464 901202 1351280 1473659 1786544 
1764592 23405 393596 417024 700208 1530138 
1766384 47477 808165 899270 1334442 1679616 
1768283 17945 40090 60459 92685 94458 
1770049 214369 999084 1154717 1243726 1638895 
1772069 154026 672932 698331 913882 1590978 
1773834 17945 40090 60459 92685 94458 
1775591 132483 371597 494175 1245588 1365958 
1777414 17945 40090 60459 92685 94458 
1779241 17945 40090 60459 92685 94458 
1781056 612414 758624 811807 956839 1298090 
1783039 71396 388336 619850 738424 1303542 
1784733 17945 40090 60459 92685 94458 
1786544 886464 1123807 1473659 1594479 1762739 
1788358 17945 40090 60459 92685 94458 
1790252 729088 1125600 1241790 1254864 1578065 
1792148 121414 184567 277923 692893 936184 
1793986 81883 101715 261515 1308732 1739098 
1795743 214369 263252 488482 1243726 1638895 
1797793 436933 630571 853831 1499204 1753394 
1799652 27258 56830 58620 64112 67728 
1801444 17945 40090 60459 92685 94458 
1803332 375279 730938 1118464 1276442 1610935 
1805136 47477 431700 988151 1334442 1528276 
1807128 47477 808165 857474 882875 1232012 
1809093 420625 628850 751296 1442549 1447858 
1810826 27258 56830 58620 64112 67728 
1812673 38197 241517 689157 1466142 1648004 
1814538 305333 400974 639723 1531944 1609137 
1816283 164805 318085 411747 984330 1675967 
1818176 318085 329134 588169 1497420 1675967 
1819922 27258 56830 58620 64112 67728 
1821667 168379 332825 682114 1391149 1755219 
1823584 134236 426166 429853 584394 1413122 
1825425 41804 99770 201275 718409 1048754 
1827331 184567 277923 692893 936184 1339900 
1829202 51326 69564 87291 107175 177278 
1831022 182634 482865 501613 879152 945718 
1832843 119543 152265 268793 274139 281599 
1834648 27258 56830 58620 64112 67728 
1836484 375279 730938 824660 1213955 1663103 
1838306 173822 216247 303534 997276 1749757 
